""
"Test Method","Will_Huddleston_Disks.msm"
"Sample I. D.","WH13U.mss"
"Specimen Number","1"

"Load (N)","Time (s)","Extension (mm)","Stress (MPa)","Strain (mm/mm)"

5.05,0.200,-0.02650,0.921,-0.001
5.06,0.300,-0.02650,0.923,-0.001
5.05,0.400,-0.02650,0.922,-0.001
5.05,0.500,-0.02646,0.922,-0.001
5.06,0.600,-0.02646,0.924,-0.001
5.06,0.700,-0.02646,0.925,-0.001
5.06,0.800,-0.02642,0.923,-0.001
5.07,0.900,-0.02642,0.926,-0.001
5.05,1.000,-0.02638,0.922,-0.001
5.07,1.100,-0.02638,0.925,-0.001
5.05,1.200,-0.02638,0.922,-0.001
5.07,1.300,-0.02633,0.925,-0.001
5.05,1.400,-0.02633,0.921,-0.001
5.06,1.500,-0.02629,0.923,-0.001
5.05,1.600,-0.02629,0.922,-0.001
5.06,1.700,-0.02625,0.923,-0.001
5.07,1.800,-0.02625,0.925,-0.001
5.07,1.900,-0.02621,0.926,-0.001
5.08,2.000,-0.02617,0.927,-0.001
5.09,2.100,-0.02613,0.929,-0.001
5.14,2.200,-0.02604,0.939,-0.001
5.19,2.300,-0.02588,0.947,-0.001
5.28,2.400,-0.02571,0.963,-0.001
5.34,2.500,-0.02554,0.975,-0.001
5.38,2.600,-0.02542,0.981,-0.001
5.42,2.700,-0.02525,0.990,0.000
5.48,2.800,-0.02513,1.000,0.000
5.50,2.900,-0.02496,1.004,0.000
5.55,3.000,-0.02484,1.013,0.000
5.57,3.100,-0.02467,1.016,0.000
5.62,3.200,-0.02455,1.026,0.000
5.64,3.300,-0.02438,1.030,0.000
5.68,3.400,-0.02426,1.037,0.000
5.69,3.500,-0.02409,1.039,0.000
5.73,3.600,-0.02397,1.047,0.000
5.78,3.700,-0.02380,1.056,0.000
5.80,3.800,-0.02363,1.059,0.000
5.85,3.900,-0.02347,1.067,0.000
5.90,4.000,-0.02330,1.078,0.000
5.92,4.100,-0.02313,1.080,0.000
5.95,4.200,-0.02297,1.087,0.000
5.99,4.300,-0.02280,1.094,0.000
6.02,4.400,-0.02259,1.099,0.000
6.05,4.500,-0.02243,1.105,0.000
6.12,4.600,-0.02222,1.118,0.000
6.13,4.700,-0.02201,1.120,0.000
6.21,4.800,-0.02180,1.134,0.000
6.24,4.900,-0.02160,1.139,0.000
6.25,5.000,-0.02139,1.140,0.000
6.29,5.100,-0.02118,1.148,0.000
6.34,5.200,-0.02102,1.157,0.000
6.36,5.300,-0.02081,1.162,0.000
6.39,5.400,-0.02060,1.167,0.000
6.43,5.500,-0.02039,1.174,0.000
6.44,5.600,-0.02023,1.177,0.000
6.50,5.700,-0.02002,1.187,0.000
6.50,5.800,-0.01985,1.187,0.000
6.53,5.900,-0.01969,1.193,0.000
6.56,6.000,-0.01952,1.197,0.000
6.61,6.100,-0.01935,1.207,0.000
6.62,6.200,-0.01919,1.209,0.000
6.65,6.300,-0.01902,1.214,0.000
6.68,6.400,-0.01885,1.220,0.000
6.70,6.500,-0.01873,1.223,0.000
6.71,6.600,-0.01856,1.226,0.000
6.73,6.700,-0.01844,1.228,0.000
6.74,6.800,-0.01827,1.231,0.000
6.77,6.900,-0.01815,1.236,0.000
6.79,7.000,-0.01802,1.240,0.000
6.82,7.100,-0.01786,1.246,0.000
6.84,7.200,-0.01773,1.249,0.000
6.86,7.300,-0.01761,1.252,0.000
6.89,7.400,-0.01744,1.257,0.000
6.90,7.500,-0.01732,1.259,0.000
6.92,7.600,-0.01719,1.264,0.000
6.95,7.700,-0.01707,1.268,0.000
6.98,7.800,-0.01690,1.274,0.000
7.00,7.900,-0.01678,1.279,0.000
7.01,8.000,-0.01661,1.280,0.000
7.04,8.100,-0.01649,1.286,0.000
7.07,8.200,-0.01632,1.292,0.000
7.09,8.300,-0.01615,1.295,0.000
7.10,8.400,-0.01603,1.296,0.000
7.15,8.500,-0.01586,1.305,0.000
7.17,8.600,-0.01570,1.308,0.000
7.20,8.700,-0.01557,1.314,0.000
7.22,8.800,-0.01541,1.318,0.000
7.26,8.900,-0.01524,1.325,0.000
7.27,9.000,-0.01511,1.328,0.000
7.29,9.100,-0.01495,1.330,0.000
7.33,9.200,-0.01478,1.338,0.000
7.33,9.300,-0.01462,1.338,0.000
7.38,9.400,-0.01449,1.347,0.000
7.39,9.500,-0.01432,1.349,0.000
7.42,9.600,-0.01416,1.356,0.000
7.45,9.700,-0.01399,1.361,0.000
7.49,9.800,-0.01378,1.367,0.000
7.54,9.900,-0.01362,1.377,0.000
7.57,10.000,-0.01341,1.381,0.000
7.60,10.100,-0.01324,1.388,0.000
7.64,10.200,-0.01304,1.395,0.000
7.66,10.300,-0.01283,1.399,0.000
7.71,10.400,-0.01262,1.408,0.000
7.74,10.500,-0.01237,1.413,0.000
7.77,10.600,-0.01216,1.419,0.000
7.81,10.700,-0.01196,1.426,0.000
7.84,10.800,-0.01175,1.431,0.000
7.87,10.900,-0.01150,1.438,0.000
7.93,11.000,-0.01129,1.447,0.000
7.96,11.100,-0.01108,1.452,0.000
7.96,11.200,-0.01088,1.454,0.000
8.00,11.300,-0.01071,1.461,0.000
8.03,11.400,-0.01050,1.466,0.000
8.07,11.500,-0.01029,1.473,0.000
8.09,11.600,-0.01013,1.477,0.000
8.10,11.700,-0.00996,1.479,0.000
8.14,11.800,-0.00980,1.487,0.000
8.16,11.900,-0.00963,1.489,0.000
8.19,12.000,-0.00946,1.495,0.000
8.19,12.100,-0.00934,1.495,0.000
8.22,12.200,-0.00917,1.501,0.000
8.23,12.300,-0.00905,1.502,0.000
8.26,12.400,-0.00888,1.509,0.000
8.29,12.500,-0.00876,1.514,0.000
8.30,12.600,-0.00863,1.516,0.000
8.33,12.700,-0.00847,1.520,0.000
8.35,12.800,-0.00834,1.525,0.000
8.35,12.900,-0.00822,1.525,0.000
8.41,13.000,-0.00809,1.535,0.000
8.43,13.100,-0.00797,1.540,0.000
8.44,13.200,-0.00780,1.541,0.000
8.48,13.300,-0.00768,1.548,0.000
8.49,13.400,-0.00751,1.550,0.000
8.54,13.500,-0.00738,1.558,0.000
8.53,13.600,-0.00722,1.557,0.000
8.56,13.700,-0.00709,1.563,0.000
8.60,13.800,-0.00693,1.570,0.000
8.62,13.900,-0.00680,1.575,0.000
8.65,14.000,-0.00664,1.579,0.000
8.68,14.100,-0.00651,1.585,0.000
8.72,14.200,-0.00635,1.592,0.000
8.73,14.300,-0.00618,1.594,0.000
8.76,14.400,-0.00606,1.599,0.000
8.79,14.500,-0.00589,1.604,0.000
8.80,14.600,-0.00572,1.606,0.000
8.84,14.700,-0.00556,1.613,0.000
8.87,14.800,-0.00543,1.620,0.000
8.90,14.900,-0.00527,1.625,0.000
8.91,15.000,-0.00510,1.627,0.000
8.95,15.100,-0.00493,1.634,0.000
8.97,15.200,-0.00477,1.638,0.000
9.02,15.300,-0.00460,1.647,0.000
9.03,15.400,-0.00443,1.649,0.000
9.08,15.500,-0.00427,1.658,0.000
9.14,15.600,-0.00406,1.668,0.000
9.15,15.700,-0.00389,1.671,0.000
9.18,15.800,-0.00369,1.675,0.000
9.24,15.900,-0.00352,1.687,0.000
9.22,16.000,-0.00331,1.683,0.000
9.30,16.100,-0.00310,1.698,0.000
9.30,16.200,-0.00286,1.697,0.000
9.39,16.300,-0.00265,1.714,0.000
9.41,16.400,-0.00244,1.718,0.000
9.44,16.500,-0.00223,1.723,0.000
9.48,16.600,-0.00202,1.732,0.000
9.52,16.700,-0.00182,1.738,0.000
9.54,16.800,-0.00161,1.742,0.000
9.59,16.900,-0.00140,1.751,0.000
9.62,17.000,-0.00123,1.756,0.000
9.65,17.100,-0.00103,1.762,0.000
9.67,17.200,-0.00086,1.765,0.000
9.70,17.300,-0.00065,1.771,0.000
9.74,17.400,-0.00049,1.778,0.000
9.74,17.500,-0.00032,1.779,0.000
9.81,17.600,-0.00015,1.790,0.000
9.82,17.700,-0.00003,1.793,0.000
9.82,17.800,0.00014,1.793,0.000
9.88,17.900,0.00030,1.804,0.000
9.89,18.000,0.00043,1.805,0.000
9.97,18.100,0.00055,1.820,0.000
9.93,18.200,0.00072,1.813,0.000
9.97,18.300,0.00084,1.820,0.000
9.98,18.400,0.00101,1.823,0.000
9.99,18.500,0.00113,1.824,0.000
10.03,18.600,0.00126,1.832,0.000
10.08,18.700,0.00138,1.841,0.000
10.12,18.800,0.00155,1.847,0.000
10.11,18.900,0.00167,1.845,0.000
10.13,19.000,0.00184,1.850,0.000
10.18,19.100,0.00197,1.858,0.000
10.20,19.200,0.00213,1.861,0.000
10.25,19.300,0.00226,1.871,0.000
10.25,19.400,0.00242,1.871,0.000
10.26,19.500,0.00255,1.873,0.000
10.29,19.600,0.00271,1.878,0.000
10.34,19.700,0.00288,1.889,0.000
10.35,19.800,0.00300,1.889,0.000
10.40,19.900,0.00317,1.900,0.000
10.41,20.000,0.00334,1.900,0.000
10.44,20.100,0.00346,1.905,0.000
10.49,20.200,0.00363,1.915,0.000
10.51,20.300,0.00379,1.919,0.000
10.55,20.400,0.00392,1.926,0.000
10.56,20.500,0.00408,1.928,0.000
10.61,20.600,0.00425,1.937,0.000
10.64,20.700,0.00442,1.942,0.000
10.66,20.800,0.00454,1.945,0.000
10.67,20.900,0.00471,1.948,0.000
10.74,21.000,0.00487,1.960,0.000
10.74,21.100,0.00504,1.960,0.000
10.79,21.200,0.00525,1.970,0.000
10.85,21.300,0.00541,1.981,0.000
10.87,21.400,0.00562,1.985,0.000
10.89,21.500,0.00579,1.989,0.000
10.94,21.600,0.00600,1.998,0.000
11.02,21.700,0.00620,2.012,0.000
11.03,21.800,0.00641,2.014,0.000
11.09,21.900,0.00662,2.025,0.000
11.14,22.000,0.00683,2.034,0.000
11.18,22.100,0.00703,2.041,0.000
11.21,22.200,0.00724,2.047,0.000
11.25,22.300,0.00745,2.055,0.000
11.27,22.400,0.00762,2.057,0.000
11.34,22.500,0.00782,2.070,0.000
11.38,22.600,0.00803,2.078,0.000
11.41,22.700,0.00824,2.084,0.000
11.45,22.800,0.00841,2.090,0.000
11.47,22.900,0.00857,2.095,0.000
11.53,23.000,0.00874,2.105,0.000
11.53,23.100,0.00895,2.106,0.000
11.53,23.200,0.00911,2.105,0.000
11.59,23.300,0.00924,2.116,0.000
11.60,23.400,0.00940,2.119,0.000
11.65,23.500,0.00953,2.127,0.000
11.67,23.600,0.00969,2.131,0.000
11.72,23.700,0.00986,2.139,0.000
11.75,23.800,0.00999,2.145,0.000
11.77,23.900,0.01011,2.150,0.000
11.82,24.000,0.01028,2.159,0.000
11.80,24.100,0.01040,2.155,0.000
11.83,24.200,0.01053,2.159,0.000
11.88,24.300,0.01069,2.168,0.000
11.89,24.400,0.01082,2.171,0.000
11.91,24.500,0.01094,2.174,0.000
11.96,24.600,0.01107,2.183,0.000
12.00,24.700,0.01123,2.191,0.000
12.03,24.800,0.01136,2.197,0.000
12.05,24.900,0.01152,2.200,0.000
12.08,25.000,0.01165,2.205,0.000
12.08,25.100,0.01181,2.206,0.000
12.16,25.200,0.01194,2.220,0.000
12.19,25.300,0.01210,2.225,0.000
12.19,25.400,0.01223,2.226,0.000
12.21,25.500,0.01240,2.229,0.000
12.26,25.600,0.01252,2.239,0.000
12.28,25.700,0.01269,2.242,0.000
12.32,25.800,0.01281,2.249,0.000
12.37,25.900,0.01298,2.258,0.000
12.40,26.000,0.01314,2.264,0.000
12.43,26.100,0.01327,2.269,0.000
12.49,26.200,0.01343,2.280,0.000
12.50,26.300,0.01360,2.282,0.000
12.53,26.400,0.01377,2.287,0.000
12.56,26.500,0.01389,2.293,0.000
12.60,26.600,0.01406,2.300,0.000
12.65,26.700,0.01422,2.309,0.000
12.70,26.800,0.01439,2.318,0.000
12.73,26.900,0.01456,2.325,0.000
12.78,27.000,0.01476,2.333,0.000
12.82,27.100,0.01493,2.341,0.000
12.89,27.200,0.01514,2.353,0.000
12.92,27.300,0.01535,2.359,0.000
12.98,27.400,0.01555,2.370,0.000
13.02,27.500,0.01576,2.377,0.000
13.10,27.600,0.01597,2.392,0.000
13.13,27.700,0.01618,2.398,0.000
13.22,27.800,0.01639,2.413,0.000
13.26,27.900,0.01659,2.421,0.000
13.30,28.000,0.01684,2.429,0.000
13.34,28.100,0.01705,2.435,0.000
13.38,28.200,0.01726,2.443,0.000
13.43,28.300,0.01747,2.452,0.000
13.48,28.400,0.01763,2.460,0.000
13.52,28.500,0.01784,2.469,0.000
13.55,28.600,0.01801,2.474,0.000
13.59,28.700,0.01817,2.482,0.000
13.64,28.800,0.01834,2.490,0.000
13.65,28.900,0.01850,2.492,0.000
13.70,29.000,0.01867,2.501,0.000
13.74,29.100,0.01884,2.508,0.000
13.78,29.200,0.01896,2.515,0.000
13.81,29.300,0.01913,2.522,0.000
13.84,29.400,0.01925,2.527,0.000
13.87,29.500,0.01942,2.532,0.000
13.91,29.600,0.01954,2.539,0.000
13.92,29.700,0.01967,2.542,0.000
13.96,29.800,0.01983,2.549,0.000
13.98,29.900,0.01996,2.552,0.000
14.01,30.000,0.02008,2.558,0.000
14.05,30.100,0.02021,2.565,0.000
14.08,30.200,0.02037,2.571,0.000
14.12,30.300,0.02050,2.578,0.000
14.19,30.400,0.02062,2.591,0.000
14.21,30.500,0.02079,2.594,0.000
14.23,30.600,0.02091,2.598,0.000
14.27,30.700,0.02108,2.604,0.000
14.32,30.800,0.02121,2.614,0.000
14.35,30.900,0.02137,2.619,0.000
14.38,31.000,0.02154,2.625,0.000
14.42,31.100,0.02166,2.633,0.000
14.47,31.200,0.02183,2.641,0.000
14.50,31.300,0.02195,2.647,0.000
14.52,31.400,0.02212,2.652,0.000
14.57,31.500,0.02229,2.661,0.000
14.63,31.600,0.02245,2.671,0.000
14.66,31.700,0.02262,2.677,0.000
14.70,31.800,0.02274,2.684,0.000
14.74,31.900,0.02291,2.691,0.000
14.79,32.000,0.02308,2.700,0.000
14.84,32.100,0.02324,2.709,0.000
14.84,32.200,0.02341,2.710,0.000
14.89,32.300,0.02357,2.718,0.000
14.97,32.400,0.02374,2.733,0.000
15.01,32.500,0.02391,2.741,0.000
15.07,32.600,0.02407,2.751,0.000
15.11,32.700,0.02428,2.759,0.000
15.18,32.800,0.02445,2.771,0.000
15.21,32.900,0.02465,2.777,0.000
15.28,33.000,0.02486,2.790,0.000
15.33,33.100,0.02507,2.799,0.000
15.39,33.200,0.02528,2.811,0.000
15.48,33.300,0.02549,2.825,0.001
15.52,33.400,0.02574,2.834,0.001
15.58,33.500,0.02594,2.844,0.001
15.65,33.600,0.02615,2.858,0.001
15.68,33.700,0.02636,2.863,0.001
15.76,33.800,0.02657,2.878,0.001
15.82,33.900,0.02677,2.888,0.001
15.87,34.000,0.02694,2.897,0.001
15.92,34.100,0.02715,2.907,0.001
15.97,34.200,0.02731,2.915,0.001
16.04,34.300,0.02752,2.928,0.001
16.06,34.400,0.02769,2.932,0.001
16.11,34.500,0.02785,2.942,0.001
16.14,34.600,0.02802,2.947,0.001
16.18,34.700,0.02819,2.954,0.001
16.21,34.800,0.02835,2.960,0.001
16.22,34.900,0.02848,2.962,0.001
16.30,35.000,0.02864,2.976,0.001
16.32,35.100,0.02877,2.979,0.001
16.41,35.200,0.02893,2.995,0.001
16.41,35.300,0.02906,2.996,0.001
16.45,35.400,0.02918,3.004,0.001
16.48,35.500,0.02935,3.008,0.001
16.51,35.600,0.02948,3.015,0.001
16.55,35.700,0.02960,3.021,0.001
16.61,35.800,0.02977,3.032,0.001
16.61,35.900,0.02989,3.032,0.001
16.67,36.000,0.03002,3.044,0.001
16.73,36.100,0.03018,3.054,0.001
16.75,36.200,0.03031,3.057,0.001
16.81,36.300,0.03047,3.070,0.001
16.86,36.400,0.03060,3.078,0.001
16.89,36.500,0.03076,3.085,0.001
16.94,36.600,0.03089,3.093,0.001
17.01,36.700,0.03105,3.106,0.001
17.05,36.800,0.03122,3.113,0.001
17.09,36.900,0.03139,3.121,0.001
17.14,37.000,0.03151,3.130,0.001
17.22,37.100,0.03168,3.144,0.001
17.24,37.200,0.03184,3.148,0.001
17.31,37.300,0.03201,3.160,0.001
17.34,37.400,0.03218,3.165,0.001
17.38,37.500,0.03234,3.174,0.001
17.45,37.600,0.03247,3.186,0.001
17.46,37.700,0.03263,3.188,0.001
17.53,37.800,0.03280,3.200,0.001
17.59,37.900,0.03297,3.212,0.001
17.62,38.000,0.03313,3.216,0.001
17.68,38.100,0.03330,3.228,0.001
17.78,38.200,0.03351,3.245,0.001
17.77,38.300,0.03367,3.245,0.001
17.87,38.400,0.03384,3.262,0.001
17.95,38.500,0.03405,3.277,0.001
18.00,38.600,0.03425,3.286,0.001
18.07,38.700,0.03446,3.299,0.001
18.12,38.800,0.03467,3.309,0.001
18.22,38.900,0.03488,3.326,0.001
18.26,39.000,0.03509,3.334,0.001
18.36,39.100,0.03529,3.352,0.001
18.40,39.200,0.03550,3.360,0.001
18.48,39.300,0.03571,3.374,0.001
18.55,39.400,0.03592,3.386,0.001
18.62,39.500,0.03608,3.400,0.001
18.68,39.600,0.03629,3.410,0.001
18.75,39.700,0.03650,3.423,0.001
18.79,39.800,0.03666,3.431,0.001
18.87,39.900,0.03687,3.446,0.001
18.91,40.000,0.03704,3.452,0.001
18.97,40.100,0.03720,3.464,0.001
19.01,40.200,0.03737,3.471,0.001
19.07,40.300,0.03754,3.482,0.001
19.13,40.400,0.03770,3.493,0.001
19.18,40.500,0.03783,3.501,0.001
19.23,40.600,0.03799,3.511,0.001
19.29,40.700,0.03816,3.521,0.001
19.35,40.800,0.03828,3.533,0.001
19.39,40.900,0.03845,3.540,0.001
19.43,41.000,0.03858,3.548,0.001
19.49,41.100,0.03870,3.559,0.001
19.54,41.200,0.03887,3.568,0.001
19.58,41.300,0.03899,3.575,0.001
19.64,41.400,0.03912,3.585,0.001
19.69,41.500,0.03924,3.595,0.001
19.75,41.600,0.03941,3.605,0.001
19.79,41.700,0.03953,3.613,0.001
19.82,41.800,0.03970,3.619,0.001
19.90,41.900,0.03982,3.632,0.001
19.97,42.000,0.03995,3.646,0.001
19.99,42.100,0.04011,3.650,0.001
20.03,42.200,0.04028,3.658,0.001
20.13,42.300,0.04040,3.674,0.001
20.14,42.400,0.04057,3.677,0.001
20.22,42.500,0.04070,3.692,0.001
20.26,42.600,0.04086,3.700,0.001
20.34,42.700,0.04103,3.713,0.001
20.39,42.800,0.04115,3.722,0.001
20.41,42.900,0.04132,3.726,0.001
20.54,43.000,0.04148,3.750,0.001
20.59,43.100,0.04165,3.759,0.001
20.65,43.200,0.04182,3.770,0.001
20.67,43.300,0.04194,3.773,0.001
20.79,43.400,0.04211,3.796,0.001
20.84,43.500,0.04227,3.805,0.001
20.87,43.600,0.04244,3.810,0.001
20.97,43.700,0.04261,3.828,0.001
21.00,43.800,0.04277,3.834,0.001
21.09,43.900,0.04294,3.850,0.001
21.15,44.000,0.04311,3.862,0.001
21.25,44.100,0.04331,3.879,0.001
21.29,44.200,0.04352,3.886,0.001
21.38,44.300,0.04369,3.904,0.001
21.53,44.400,0.04389,3.931,0.001
21.58,44.500,0.04414,3.940,0.001
21.68,44.600,0.04435,3.959,0.001
21.76,44.700,0.04456,3.972,0.001
21.85,44.800,0.04477,3.989,0.001
21.93,44.900,0.04498,4.004,0.001
21.99,45.000,0.04518,4.015,0.001
22.09,45.100,0.04539,4.034,0.001
22.15,45.200,0.04560,4.044,0.001
22.27,45.300,0.04581,4.065,0.001
22.34,45.400,0.04601,4.079,0.001
22.42,45.500,0.04618,4.093,0.001
22.45,45.600,0.04639,4.099,0.001
22.56,45.700,0.04655,4.119,0.001
22.62,45.800,0.04672,4.131,0.001
22.70,45.900,0.04689,4.144,0.001
22.76,46.000,0.04705,4.156,0.001
22.81,46.100,0.04718,4.164,0.001
22.89,46.200,0.04734,4.179,0.001
22.94,46.300,0.04751,4.188,0.001
22.96,46.400,0.04764,4.192,0.001
23.06,46.500,0.04776,4.210,0.001
23.14,46.600,0.04793,4.225,0.001
23.16,46.700,0.04805,4.229,0.001
23.23,46.800,0.04818,4.241,0.001
23.28,46.900,0.04830,4.250,0.001
23.34,47.000,0.04847,4.261,0.001
23.38,47.100,0.04859,4.269,0.001
23.46,47.200,0.04872,4.283,0.001
23.52,47.300,0.04884,4.295,0.001
23.59,47.400,0.04901,4.308,0.001
23.63,47.500,0.04913,4.314,0.001
23.70,47.600,0.04926,4.328,0.001
23.77,47.700,0.04942,4.339,0.001
23.82,47.800,0.04955,4.349,0.001
23.89,47.900,0.04971,4.361,0.001
23.96,48.000,0.04984,4.375,0.001
24.01,48.100,0.05000,4.383,0.001
24.08,48.200,0.05013,4.396,0.001
24.18,48.300,0.05029,4.414,0.001
24.22,48.400,0.05042,4.421,0.001
24.26,48.500,0.05059,4.429,0.001
24.34,48.600,0.05075,4.445,0.001
24.41,48.700,0.05088,4.457,0.001
24.54,48.800,0.05104,4.480,0.001
24.52,48.900,0.05121,4.476,0.001
24.61,49.000,0.05138,4.493,0.001
24.67,49.100,0.05150,4.505,0.001
24.81,49.200,0.05167,4.530,0.001
24.83,49.300,0.05183,4.533,0.001
24.90,49.400,0.05200,4.546,0.001
24.99,49.500,0.05216,4.563,0.001
25.05,49.600,0.05233,4.573,0.001
25.17,49.700,0.05254,4.595,0.001
25.24,49.800,0.05270,4.609,0.001
25.30,49.900,0.05291,4.619,0.001
25.45,50.000,0.05308,4.646,0.001
25.48,50.100,0.05329,4.652,0.001
25.59,50.200,0.05349,4.673,0.001
25.73,50.300,0.05370,4.698,0.001
25.82,50.400,0.05391,4.714,0.001
25.93,50.500,0.05412,4.735,0.001
26.01,50.600,0.05437,4.748,0.001
26.10,50.700,0.05457,4.764,0.001
26.19,50.800,0.05478,4.781,0.001
26.32,50.900,0.05499,4.805,0.001
26.42,51.000,0.05520,4.823,0.001
26.47,51.100,0.05536,4.833,0.001
26.60,51.200,0.05557,4.857,0.001
26.67,51.300,0.05574,4.870,0.001
26.75,51.400,0.05595,4.883,0.001
26.81,51.500,0.05611,4.896,0.001
26.92,51.600,0.05628,4.914,0.001
26.97,51.700,0.05644,4.925,0.001
27.04,51.800,0.05657,4.937,0.001
27.13,51.900,0.05674,4.953,0.001
27.15,52.000,0.05690,4.956,0.001
27.24,52.100,0.05703,4.974,0.001
27.27,52.200,0.05719,4.979,0.001
27.37,52.300,0.05732,4.996,0.001
27.41,52.400,0.05744,5.005,0.001
27.51,52.500,0.05761,5.022,0.001
27.54,52.600,0.05773,5.027,0.001
27.61,52.700,0.05786,5.040,0.001
27.68,52.800,0.05798,5.054,0.001
27.74,52.900,0.05815,5.065,0.001
27.80,53.000,0.05827,5.076,0.001
27.88,53.100,0.05840,5.090,0.001
27.95,53.200,0.05856,5.103,0.001
28.00,53.300,0.05869,5.112,0.001
28.08,53.400,0.05881,5.127,0.001
28.10,53.500,0.05898,5.131,0.001
28.21,53.600,0.05910,5.150,0.001
28.28,53.700,0.05927,5.163,0.001
28.36,53.800,0.05940,5.178,0.001
28.43,53.900,0.05956,5.191,0.001
28.50,54.000,0.05973,5.203,0.001
28.61,54.100,0.05985,5.223,0.001
28.66,54.200,0.06002,5.233,0.001
28.75,54.300,0.06018,5.250,0.001
28.81,54.400,0.06035,5.261,0.001
28.88,54.500,0.06048,5.272,0.001
28.98,54.600,0.06064,5.291,0.001
29.06,54.700,0.06081,5.305,0.001
29.10,54.800,0.06097,5.314,0.001
29.20,54.900,0.06110,5.330,0.001
29.26,55.000,0.06127,5.343,0.001
29.35,55.100,0.06143,5.358,0.001
29.46,55.200,0.06164,5.379,0.001
29.51,55.300,0.06181,5.389,0.001
29.63,55.400,0.06197,5.410,0.001
29.72,55.500,0.06214,5.426,0.001
29.82,55.600,0.06235,5.445,0.001
29.94,55.700,0.06251,5.465,0.001
30.04,55.800,0.06272,5.484,0.001
30.16,55.900,0.06293,5.506,0.001
30.23,56.000,0.06314,5.519,0.001
30.37,56.100,0.06334,5.545,0.001
30.43,56.200,0.06355,5.556,0.001
30.54,56.300,0.06376,5.575,0.001
30.67,56.400,0.06401,5.600,0.001
30.77,56.500,0.06417,5.617,0.001
30.86,56.600,0.06438,5.633,0.001
30.97,56.700,0.06459,5.655,0.001
31.05,56.800,0.06480,5.669,0.001
31.15,56.900,0.06496,5.688,0.001
31.28,57.000,0.06517,5.711,0.001
31.32,57.100,0.06534,5.718,0.001
31.41,57.200,0.06550,5.734,0.001
31.51,57.300,0.06567,5.752,0.001
31.57,57.400,0.06584,5.764,0.001
31.66,57.500,0.06600,5.780,0.001
31.71,57.600,0.06617,5.789,0.001
31.78,57.700,0.06629,5.802,0.001
31.87,57.800,0.06646,5.819,0.001
31.91,57.900,0.06658,5.826,0.001
31.98,58.000,0.06675,5.840,0.001
32.02,58.100,0.06688,5.846,0.001
32.12,58.200,0.06700,5.864,0.001
32.17,58.300,0.06717,5.873,0.001
32.23,58.400,0.06729,5.884,0.001
32.32,58.500,0.06742,5.901,0.001
32.34,58.600,0.06754,5.904,0.001
32.44,58.700,0.06771,5.923,0.001
32.49,58.800,0.06783,5.931,0.001
24.44,58.900,0.06796,4.461,0.001
8.02,59.000,0.06808,1.464,0.001
7.55,59.100,0.06825,1.378,0.001
7.63,59.200,0.06837,1.393,0.001
7.78,59.300,0.06854,1.420,0.001
7.86,59.400,0.06866,1.435,0.001
7.99,59.500,0.06883,1.458,0.001
8.11,59.600,0.06895,1.481,0.001
8.24,59.700,0.06912,1.504,0.001
8.35,59.800,0.06924,1.524,0.001
8.48,59.900,0.06941,1.548,0.001
8.53,60.000,0.06953,1.558,0.001
8.65,60.100,0.06970,1.579,0.001
8.81,60.200,0.06987,1.608,0.001
8.84,60.300,0.07003,1.614,0.001
8.92,60.400,0.07016,1.629,0.001
9.01,60.500,0.07032,1.644,0.001
9.08,60.600,0.07049,1.658,0.001
9.15,60.700,0.07066,1.671,0.001
9.24,60.800,0.07082,1.687,0.001
9.34,60.900,0.07099,1.705,0.001
9.40,61.000,0.07116,1.717,0.001
9.48,61.100,0.07136,1.731,0.001
9.54,61.200,0.07153,1.742,0.001
9.66,61.300,0.07170,1.764,0.001
9.69,61.400,0.07190,1.770,0.001
9.83,61.500,0.07211,1.794,0.001
9.90,61.600,0.07232,1.808,0.001
10.00,61.700,0.07257,1.825,0.001
10.06,61.800,0.07278,1.837,0.001
10.20,61.900,0.07298,1.862,0.001
10.23,62.000,0.07319,1.868,0.001
10.35,62.100,0.07340,1.889,0.001
10.41,62.200,0.07365,1.901,0.001
10.51,62.300,0.07386,1.918,0.001
10.56,62.400,0.07406,1.927,0.001
10.63,62.500,0.07427,1.941,0.001
10.64,62.600,0.07444,1.942,0.001
10.76,62.700,0.07465,1.964,0.001
10.81,62.800,0.07481,1.973,0.001
10.87,62.900,0.07502,1.984,0.001
10.90,63.000,0.07519,1.991,0.001
10.94,63.100,0.07535,1.997,0.001
11.03,63.200,0.07548,2.015,0.001
11.06,63.300,0.07564,2.019,0.001
11.10,63.400,0.07581,2.026,0.001
11.17,63.500,0.07593,2.039,0.001
11.19,63.600,0.07610,2.044,0.001
11.19,63.700,0.07623,2.043,0.002
11.24,63.800,0.07635,2.053,0.002
11.27,63.900,0.07652,2.058,0.002
11.30,64.000,0.07664,2.063,0.002
11.28,64.100,0.07677,2.060,0.002
11.38,64.200,0.07693,2.078,0.002
11.42,64.300,0.07706,2.085,0.002
11.45,64.400,0.07718,2.091,0.002
11.45,64.500,0.07735,2.091,0.002
11.50,64.600,0.07747,2.099,0.002
11.53,64.700,0.07764,2.105,0.002
11.58,64.800,0.07776,2.113,0.002
11.59,64.900,0.07793,2.116,0.002
11.59,65.000,0.07805,2.117,0.002
11.66,65.100,0.07822,2.128,0.002
11.68,65.200,0.07839,2.133,0.002
11.70,65.300,0.07855,2.136,0.002
11.76,65.400,0.07868,2.147,0.002
11.76,65.500,0.07884,2.146,0.002
11.81,65.600,0.07901,2.157,0.002
11.83,65.700,0.07913,2.160,0.002
11.87,65.800,0.07930,2.167,0.002
11.89,65.900,0.07947,2.171,0.002
11.89,66.000,0.07963,2.172,0.002
11.94,66.100,0.07980,2.180,0.002
11.98,66.200,0.07997,2.187,0.002
11.98,66.300,0.08013,2.188,0.002
12.01,66.400,0.08030,2.194,0.002
12.06,66.500,0.08046,2.201,0.002
12.08,66.600,0.08063,2.205,0.002
12.10,66.700,0.08084,2.209,0.002
12.16,66.800,0.08100,2.220,0.002
12.20,66.900,0.08121,2.228,0.002
12.20,67.000,0.08142,2.228,0.002
12.26,67.100,0.08159,2.238,0.002
12.26,67.200,0.08179,2.238,0.002
12.31,67.300,0.08200,2.247,0.002
12.33,67.400,0.08225,2.252,0.002
12.37,67.500,0.08246,2.258,0.002
12.37,67.600,0.08267,2.258,0.002
12.42,67.700,0.08292,2.268,0.002
12.44,67.800,0.08312,2.270,0.002
12.49,67.900,0.08329,2.281,0.002
12.44,68.000,0.08350,2.272,0.002
12.48,68.100,0.08371,2.279,0.002
12.48,68.200,0.08391,2.279,0.002
12.53,68.300,0.08408,2.288,0.002
12.52,68.400,0.08429,2.286,0.002
12.57,68.500,0.08445,2.295,0.002
12.58,68.600,0.08462,2.297,0.002
12.61,68.700,0.08479,2.303,0.002
12.57,68.800,0.08495,2.294,0.002
12.65,68.900,0.08508,2.309,0.002
12.63,69.000,0.08524,2.306,0.002
12.67,69.100,0.08541,2.313,0.002
12.66,69.200,0.08553,2.311,0.002
12.71,69.300,0.08570,2.320,0.002
12.68,69.400,0.08582,2.316,0.002
12.68,69.500,0.08595,2.316,0.002
12.68,69.600,0.08612,2.316,0.002
12.72,69.700,0.08624,2.322,0.002
12.73,69.800,0.08637,2.324,0.002
12.75,69.900,0.08653,2.327,0.002
12.75,70.000,0.08666,2.327,0.002
12.79,70.100,0.08678,2.335,0.002
12.77,70.200,0.08695,2.332,0.002
12.79,70.300,0.08707,2.335,0.002
12.81,70.400,0.08724,2.339,0.002
12.89,70.500,0.08736,2.353,0.002
12.81,70.600,0.08753,2.339,0.002
12.85,70.700,0.08769,2.346,0.002
12.89,70.800,0.08782,2.353,0.002
12.92,70.900,0.08799,2.358,0.002
12.93,71.000,0.08815,2.360,0.002
12.91,71.100,0.08832,2.357,0.002
12.95,71.200,0.08844,2.364,0.002
13.01,71.300,0.08861,2.375,0.002
13.05,71.400,0.08878,2.383,0.002
13.01,71.500,0.08894,2.375,0.002
13.09,71.600,0.08907,2.390,0.002
13.05,71.700,0.08923,2.382,0.002
13.10,71.800,0.08940,2.392,0.002
13.14,71.900,0.08956,2.399,0.002
13.12,72.000,0.08973,2.395,0.002
13.15,72.100,0.08990,2.400,0.002
13.20,72.200,0.09006,2.410,0.002
13.23,72.300,0.09023,2.416,0.002
13.25,72.400,0.09044,2.419,0.002
13.26,72.500,0.09060,2.421,0.002
13.31,72.600,0.09081,2.430,0.002
13.38,72.700,0.09098,2.443,0.002
13.38,72.800,0.09119,2.443,0.002
13.39,72.900,0.09139,2.444,0.002
13.42,73.000,0.09164,2.450,0.002
13.47,73.100,0.09185,2.460,0.002
13.49,73.200,0.09206,2.464,0.002
13.51,73.300,0.09227,2.467,0.002
13.54,73.400,0.09247,2.472,0.002
13.57,73.500,0.09268,2.478,0.002
13.59,73.600,0.09289,2.482,0.002
13.61,73.700,0.09310,2.484,0.002
13.66,73.800,0.09326,2.494,0.002
13.70,73.900,0.09347,2.501,0.002
13.73,74.000,0.09368,2.506,0.002
13.72,74.100,0.09385,2.505,0.002
13.74,74.200,0.09401,2.509,0.002
13.77,74.300,0.09418,2.515,0.002
13.78,74.400,0.09434,2.516,0.002
13.84,74.500,0.09451,2.527,0.002
13.83,74.600,0.09463,2.525,0.002
13.86,74.700,0.09480,2.530,0.002
13.88,74.800,0.09493,2.534,0.002
13.90,74.900,0.09509,2.538,0.002
13.93,75.000,0.09522,2.543,0.002
13.93,75.100,0.09538,2.543,0.002
13.97,75.200,0.09551,2.550,0.002
13.99,75.300,0.09563,2.554,0.002
13.99,75.400,0.09576,2.555,0.002
14.02,75.500,0.09592,2.559,0.002
14.04,75.600,0.09605,2.563,0.002
14.06,75.700,0.09617,2.568,0.002
14.10,75.800,0.09634,2.574,0.002
14.12,75.900,0.09646,2.578,0.002
14.15,76.000,0.09663,2.583,0.002
14.17,76.100,0.09675,2.588,0.002
14.19,76.200,0.09692,2.590,0.002
14.22,76.300,0.09704,2.596,0.002
14.26,76.400,0.09721,2.603,0.002
14.26,76.500,0.09734,2.603,0.002
14.28,76.600,0.09750,2.608,0.002
14.29,76.700,0.09767,2.608,0.002
14.39,76.800,0.09779,2.627,0.002
14.38,76.900,0.09796,2.626,0.002
14.46,77.000,0.09813,2.640,0.002
14.43,77.100,0.09829,2.634,0.002
14.45,77.200,0.09842,2.639,0.002
14.54,77.300,0.09858,2.655,0.002
14.54,77.400,0.09875,2.654,0.002
14.53,77.500,0.09887,2.653,0.002
14.56,77.600,0.09904,2.658,0.002
14.61,77.700,0.09921,2.667,0.002
14.64,77.800,0.09937,2.673,0.002
14.66,77.900,0.09958,2.677,0.002
14.73,78.000,0.09975,2.688,0.002
14.73,78.100,0.09991,2.690,0.002
14.79,78.200,0.10012,2.701,0.002
14.83,78.300,0.10033,2.707,0.002
14.82,78.400,0.10054,2.706,0.002
14.87,78.500,0.10074,2.714,0.002
14.93,78.600,0.10095,2.725,0.002
14.97,78.700,0.10116,2.734,0.002
14.99,78.800,0.10141,2.737,0.002
15.05,78.900,0.10162,2.747,0.002
15.09,79.000,0.10182,2.756,0.002
15.12,79.100,0.10203,2.760,0.002
15.14,79.200,0.10224,2.764,0.002
15.17,79.300,0.10245,2.769,0.002
15.26,79.400,0.10261,2.786,0.002
15.24,79.500,0.10282,2.783,0.002
15.32,79.600,0.10303,2.797,0.002
15.30,79.700,0.10320,2.793,0.002
15.35,79.800,0.10336,2.802,0.002
15.35,79.900,0.10353,2.803,0.002
15.38,80.000,0.10365,2.809,0.002
15.42,80.100,0.10382,2.815,0.002
15.40,80.200,0.10398,2.811,0.002
15.45,80.300,0.10411,2.820,0.002
15.48,80.400,0.10428,2.827,0.002
15.49,80.500,0.10440,2.828,0.002
15.50,80.600,0.10452,2.830,0.002
15.54,80.700,0.10469,2.837,0.002
15.55,80.800,0.10482,2.840,0.002
15.59,80.900,0.10494,2.847,0.002
15.60,81.000,0.10507,2.847,0.002
15.60,81.100,0.10523,2.848,0.002
15.61,81.200,0.10536,2.850,0.002
15.69,81.300,0.10548,2.864,0.002
15.71,81.400,0.10565,2.868,0.002
15.70,81.500,0.10577,2.867,0.002
15.74,81.600,0.10590,2.875,0.002
15.77,81.700,0.10606,2.879,0.002
15.79,81.800,0.10619,2.882,0.002
15.84,81.900,0.10635,2.892,0.002
15.87,82.000,0.10648,2.897,0.002
15.89,82.100,0.10664,2.901,0.002
15.92,82.200,0.10677,2.907,0.002
15.95,82.300,0.10694,2.913,0.002
15.95,82.400,0.10710,2.912,0.002
16.02,82.500,0.10723,2.924,0.002
16.05,82.600,0.10739,2.930,0.002
16.04,82.700,0.10756,2.929,0.002
16.10,82.800,0.10772,2.939,0.002
16.13,82.900,0.10785,2.945,0.002
16.15,83.000,0.10802,2.949,0.002
16.21,83.100,0.10818,2.960,0.002
16.22,83.200,0.10831,2.962,0.002
16.24,83.300,0.10851,2.964,0.002
16.29,83.400,0.10868,2.974,0.002
16.32,83.500,0.10885,2.980,0.002
16.35,83.600,0.10901,2.986,0.002
16.39,83.700,0.10918,2.992,0.002
16.44,83.800,0.10935,3.002,0.002
16.42,83.900,0.10955,2.998,0.002
16.54,84.000,0.10976,3.019,0.002
16.56,84.100,0.10997,3.023,0.002
16.58,84.200,0.11018,3.026,0.002
16.61,84.300,0.11038,3.032,0.002
16.65,84.400,0.11059,3.040,0.002
16.70,84.500,0.11080,3.050,0.002
16.76,84.600,0.11101,3.060,0.002
16.78,84.700,0.11122,3.063,0.002
16.83,84.800,0.11142,3.072,0.002
16.84,84.900,0.11163,3.074,0.002
16.89,85.000,0.11184,3.084,0.002
16.92,85.100,0.11205,3.088,0.002
16.96,85.200,0.11221,3.097,0.002
16.99,85.300,0.11242,3.102,0.002
17.00,85.400,0.11259,3.104,0.002
17.02,85.500,0.11275,3.108,0.002
17.07,85.600,0.11292,3.117,0.002
17.11,85.700,0.11309,3.124,0.002
17.13,85.800,0.11325,3.127,0.002
17.18,85.900,0.11342,3.137,0.002
17.20,86.000,0.11354,3.140,0.002
17.17,86.100,0.11371,3.136,0.002
17.22,86.200,0.11383,3.145,0.002
17.22,86.300,0.11396,3.144,0.002
17.25,86.400,0.11412,3.150,0.002
17.31,86.500,0.11425,3.160,0.002
17.33,86.600,0.11437,3.164,0.002
17.36,86.700,0.11454,3.169,0.002
17.39,86.800,0.11466,3.175,0.002
17.40,86.900,0.11479,3.177,0.002
17.42,87.000,0.11491,3.181,0.002
17.48,87.100,0.11508,3.191,0.002
17.49,87.200,0.11520,3.192,0.002
17.47,87.300,0.11533,3.189,0.002
17.52,87.400,0.11550,3.198,0.002
17.55,87.500,0.11562,3.205,0.002
17.60,87.600,0.11579,3.213,0.002
17.65,87.700,0.11591,3.223,0.002
17.63,87.800,0.11608,3.219,0.002
17.73,87.900,0.11620,3.238,0.002
17.71,88.000,0.11637,3.234,0.002
17.75,88.100,0.11653,3.241,0.002
17.75,88.200,0.11666,3.241,0.002
17.77,88.300,0.11683,3.244,0.002
17.80,88.400,0.11699,3.250,0.002
17.82,88.500,0.11712,3.254,0.002
17.85,88.600,0.11728,3.260,0.002
17.91,88.700,0.11745,3.269,0.002
17.91,88.800,0.11762,3.269,0.002
17.93,88.900,0.11774,3.274,0.002
17.98,89.000,0.11791,3.283,0.002
18.01,89.100,0.11807,3.287,0.002
18.06,89.200,0.11824,3.298,0.002
18.09,89.300,0.11840,3.303,0.002
18.13,89.400,0.11857,3.310,0.002
18.15,89.500,0.11874,3.314,0.002
18.23,89.600,0.11894,3.328,0.002
18.26,89.700,0.11915,3.334,0.002
18.28,89.800,0.11932,3.338,0.002
18.34,89.900,0.11953,3.349,0.002
18.41,90.000,0.11973,3.361,0.002
18.39,90.100,0.11994,3.358,0.002
18.45,90.200,0.12015,3.369,0.002
18.46,90.300,0.12036,3.371,0.002
18.52,90.400,0.12057,3.381,0.002
18.56,90.500,0.12077,3.388,0.002
18.61,90.600,0.12098,3.398,0.002
18.64,90.700,0.12119,3.404,0.002
18.66,90.800,0.12140,3.407,0.002
18.72,90.900,0.12160,3.418,0.002
18.71,91.000,0.12177,3.417,0.002
18.73,91.100,0.12194,3.420,0.002
18.80,91.200,0.12214,3.432,0.002
18.86,91.300,0.12231,3.443,0.002
18.88,91.400,0.12248,3.447,0.002
18.87,91.500,0.12264,3.445,0.002
18.89,91.600,0.12277,3.449,0.002
18.93,91.700,0.12293,3.456,0.002
18.93,91.800,0.12310,3.456,0.002
18.98,91.900,0.12323,3.466,0.002
18.99,92.000,0.12339,3.468,0.002
19.03,92.100,0.12352,3.474,0.002
19.05,92.200,0.12368,3.478,0.002
19.08,92.300,0.12381,3.483,0.002
19.12,92.400,0.12393,3.491,0.002
19.13,92.500,0.12406,3.493,0.002
19.15,92.600,0.12422,3.497,0.002
19.15,92.700,0.12435,3.497,0.002
19.19,92.800,0.12447,3.503,0.002
19.25,92.900,0.12460,3.515,0.002
19.26,93.000,0.12476,3.517,0.002
19.30,93.100,0.12489,3.524,0.002
19.33,93.200,0.12501,3.530,0.002
19.36,93.300,0.12518,3.535,0.002
19.40,93.400,0.12530,3.543,0.002
19.35,93.500,0.12547,3.533,0.002
19.40,93.600,0.12559,3.542,0.002
19.48,93.700,0.12576,3.556,0.002
19.47,93.800,0.12593,3.554,0.002
19.55,93.900,0.12605,3.569,0.002
19.54,94.000,0.12622,3.568,0.002
19.60,94.100,0.12638,3.578,0.002
19.58,94.200,0.12655,3.576,0.002
19.62,94.300,0.12667,3.582,0.002
19.62,94.400,0.12684,3.582,0.002
19.69,94.500,0.12701,3.595,0.003
19.75,94.600,0.12717,3.605,0.003
19.76,94.700,0.12734,3.608,0.003
19.76,94.800,0.12746,3.608,0.003
19.81,94.900,0.12763,3.617,0.003
19.84,95.000,0.12780,3.622,0.003
19.85,95.100,0.12800,3.625,0.003
19.93,95.200,0.12817,3.639,0.003
19.96,95.300,0.12834,3.644,0.003
20.03,95.400,0.12854,3.656,0.003
20.06,95.500,0.12875,3.663,0.003
20.13,95.600,0.12896,3.675,0.003
20.13,95.700,0.12917,3.675,0.003
20.17,95.800,0.12938,3.683,0.003
20.22,95.900,0.12958,3.692,0.003
20.28,96.000,0.12979,3.702,0.003
20.28,96.100,0.13004,3.702,0.003
20.34,96.200,0.13025,3.714,0.003
20.39,96.300,0.13046,3.722,0.003
20.46,96.400,0.13066,3.735,0.003
20.43,96.500,0.13087,3.730,0.003
20.49,96.600,0.13104,3.741,0.003
20.56,96.700,0.13125,3.753,0.003
20.55,96.800,0.13141,3.753,0.003
20.57,96.900,0.13162,3.755,0.003
20.59,97.000,0.13179,3.759,0.003
20.63,97.100,0.13191,3.766,0.003
20.65,97.200,0.13208,3.771,0.003
20.65,97.300,0.13224,3.771,0.003
20.70,97.400,0.13237,3.779,0.003
20.77,97.500,0.13253,3.792,0.003
20.75,97.600,0.13266,3.789,0.003
20.77,97.700,0.13282,3.792,0.003
20.82,97.800,0.13295,3.802,0.003
20.84,97.900,0.13312,3.805,0.003
20.86,98.000,0.13324,3.808,0.003
20.90,98.100,0.13336,3.815,0.003
20.92,98.200,0.13349,3.819,0.003
20.93,98.300,0.13361,3.821,0.003
20.95,98.400,0.13378,3.826,0.003
21.03,98.500,0.13390,3.839,0.003
21.02,98.600,0.13403,3.838,0.003
21.03,98.700,0.13420,3.839,0.003
21.07,98.800,0.13432,3.848,0.003
21.09,98.900,0.13445,3.850,0.003
21.12,99.000,0.13461,3.857,0.003
21.17,99.100,0.13478,3.866,0.003
21.18,99.200,0.13490,3.866,0.003
21.22,99.300,0.13507,3.875,0.003
21.25,99.400,0.13519,3.880,0.003
21.29,99.500,0.13536,3.887,0.003
21.34,99.600,0.13553,3.896,0.003
21.37,99.700,0.13565,3.901,0.003
21.39,99.800,0.13582,3.905,0.003
21.43,99.900,0.13598,3.913,0.003
21.46,100.000,0.13611,3.918,0.003
21.49,100.100,0.13627,3.923,0.003
21.53,100.200,0.13644,3.930,0.003
21.57,100.300,0.13661,3.938,0.003
21.57,100.400,0.13677,3.938,0.003
21.61,100.500,0.13694,3.946,0.003
21.64,100.600,0.13710,3.951,0.003
21.70,100.700,0.13727,3.962,0.003
21.74,100.800,0.13744,3.969,0.003
21.78,100.900,0.13764,3.976,0.003
21.84,101.000,0.13781,3.987,0.003
21.86,101.100,0.13802,3.992,0.003
21.94,101.200,0.13823,4.006,0.003
22.01,101.300,0.13843,4.019,0.003
22.02,101.400,0.13864,4.020,0.003
22.07,101.500,0.13885,4.029,0.003
22.11,101.600,0.13906,4.036,0.003
22.18,101.700,0.13931,4.049,0.003
22.23,101.800,0.13952,4.058,0.003
22.23,101.900,0.13972,4.058,0.003
22.32,102.000,0.13993,4.075,0.003
22.34,102.100,0.14014,4.079,0.003
22.39,102.200,0.14035,4.087,0.003
22.43,102.300,0.14055,4.095,0.003
22.47,102.400,0.14072,4.102,0.003
22.51,102.500,0.14089,4.109,0.003
22.53,102.600,0.14109,4.114,0.003
22.56,102.700,0.14126,4.119,0.003
22.61,102.800,0.14143,4.128,0.003
22.63,102.900,0.14159,4.132,0.003
22.67,103.000,0.14172,4.138,0.003
22.67,103.100,0.14188,4.140,0.003
22.70,103.200,0.14205,4.144,0.003
22.74,103.300,0.14217,4.152,0.003
22.75,103.400,0.14234,4.154,0.003
22.81,103.500,0.14247,4.164,0.003
22.81,103.600,0.14263,4.165,0.003
22.87,103.700,0.14276,4.176,0.003
22.87,103.800,0.14288,4.176,0.003
22.91,103.900,0.14301,4.182,0.003
22.93,104.000,0.14317,4.186,0.003
22.94,104.100,0.14330,4.189,0.003
23.00,104.200,0.14342,4.199,0.003
23.05,104.300,0.14359,4.208,0.003
23.05,104.400,0.14371,4.209,0.003
23.06,104.500,0.14388,4.209,0.003
23.11,104.600,0.14400,4.219,0.003
23.15,104.700,0.14417,4.226,0.003
23.17,104.800,0.14429,4.231,0.003
23.16,104.900,0.14446,4.229,0.003
23.23,105.000,0.14463,4.241,0.003
23.28,105.100,0.14475,4.250,0.003
23.29,105.200,0.14492,4.251,0.003
23.34,105.300,0.14508,4.261,0.003
23.37,105.400,0.14525,4.266,0.003
23.42,105.500,0.14537,4.277,0.003
23.46,105.600,0.14554,4.282,0.003
23.45,105.700,0.14571,4.281,0.003
23.48,105.800,0.14587,4.286,0.003
23.51,105.900,0.14604,4.292,0.003
23.55,106.000,0.14621,4.299,0.003
23.60,106.100,0.14637,4.309,0.003
23.65,106.200,0.14654,4.317,0.003
23.66,106.300,0.14670,4.319,0.003
23.78,106.400,0.14687,4.342,0.003
23.74,106.500,0.14704,4.335,0.003
23.76,106.600,0.14724,4.337,0.003
23.83,106.700,0.14741,4.351,0.003
23.90,106.800,0.14762,4.364,0.003
23.89,106.900,0.14783,4.361,0.003
23.96,107.000,0.14803,4.374,0.003
24.06,107.100,0.14824,4.392,0.003
24.08,107.200,0.14845,4.397,0.003
24.13,107.300,0.14866,4.405,0.003
24.14,107.400,0.14887,4.408,0.003
24.21,107.500,0.14911,4.421,0.003
24.23,107.600,0.14932,4.425,0.003
24.31,107.700,0.14949,4.438,0.003
24.33,107.800,0.14970,4.442,0.003
24.39,107.900,0.14990,4.454,0.003
24.44,108.000,0.15011,4.462,0.003
24.48,108.100,0.15028,4.470,0.003
24.50,108.200,0.15044,4.474,0.003
24.48,108.300,0.15065,4.469,0.003
24.55,108.400,0.15082,4.483,0.003
24.61,108.500,0.15094,4.493,0.003
24.64,108.600,0.15111,4.498,0.003
24.67,108.700,0.15128,4.503,0.003
24.71,108.800,0.15140,4.512,0.003
24.74,108.900,0.15157,4.517,0.003
24.76,109.000,0.15173,4.520,0.003
24.74,109.100,0.15186,4.518,0.003
24.81,109.200,0.15198,4.529,0.003
24.84,109.300,0.15215,4.535,0.003
24.84,109.400,0.15227,4.535,0.003
24.89,109.500,0.15240,4.544,0.003
24.87,109.600,0.15256,4.541,0.003
24.91,109.700,0.15269,4.547,0.003
24.94,109.800,0.15281,4.553,0.003
24.99,109.900,0.15294,4.562,0.003
25.01,110.000,0.15310,4.566,0.003
25.05,110.100,0.15323,4.574,0.003
25.10,110.200,0.15335,4.582,0.003
25.12,110.300,0.15352,4.586,0.003
25.18,110.400,0.15364,4.597,0.003
25.20,110.500,0.15381,4.600,0.003
25.22,110.600,0.15393,4.605,0.003
25.28,110.700,0.15410,4.615,0.003
25.31,110.800,0.15427,4.621,0.003
25.35,110.900,0.15439,4.628,0.003
25.39,111.000,0.15456,4.635,0.003
25.42,111.100,0.15472,4.641,0.003
25.46,111.200,0.15485,4.648,0.003
25.49,111.300,0.15502,4.653,0.003
25.54,111.400,0.15518,4.662,0.003
25.56,111.500,0.15531,4.667,0.003
25.63,111.600,0.15547,4.679,0.003
25.64,111.700,0.15564,4.682,0.003
25.66,111.800,0.15580,4.686,0.003
25.73,111.900,0.15597,4.698,0.003
25.78,112.000,0.15614,4.707,0.003
25.82,112.100,0.15630,4.714,0.003
25.80,112.200,0.15647,4.711,0.003
25.84,112.300,0.15668,4.717,0.003
25.94,112.400,0.15684,4.736,0.003
25.94,112.500,0.15705,4.737,0.003
26.06,112.600,0.15726,4.758,0.003
26.04,112.700,0.15747,4.755,0.003
26.15,112.800,0.15767,4.775,0.003
26.23,112.900,0.15792,4.788,0.003
26.25,113.000,0.15813,4.793,0.003
26.30,113.100,0.15834,4.802,0.003
26.36,113.200,0.15855,4.812,0.003
26.40,113.300,0.15876,4.820,0.003
26.43,113.400,0.15896,4.825,0.003
26.47,113.500,0.15917,4.833,0.003
26.53,113.600,0.15938,4.844,0.003
26.58,113.700,0.15954,4.853,0.003
26.60,113.800,0.15971,4.856,0.003
26.62,113.900,0.15992,4.860,0.003
26.63,114.000,0.16009,4.862,0.003
26.68,114.100,0.16025,4.872,0.003
26.72,114.200,0.16042,4.878,0.003
26.76,114.300,0.16054,4.885,0.003
26.80,114.400,0.16071,4.893,0.003
26.80,114.500,0.16087,4.894,0.003
26.82,114.600,0.16100,4.897,0.003
26.85,114.700,0.16117,4.902,0.003
26.91,114.800,0.16129,4.913,0.003
26.92,114.900,0.16141,4.916,0.003
26.94,115.000,0.16154,4.919,0.003
27.00,115.100,0.16171,4.929,0.003
27.00,115.200,0.16183,4.930,0.003
27.04,115.300,0.16196,4.936,0.003
27.08,115.400,0.16208,4.944,0.003
27.11,115.500,0.16220,4.949,0.003
27.16,115.600,0.16237,4.958,0.003
27.20,115.700,0.16250,4.965,0.003
27.20,115.800,0.16262,4.965,0.003
27.26,115.900,0.16279,4.977,0.003
27.28,116.000,0.16291,4.981,0.003
27.33,116.100,0.16308,4.989,0.003
27.36,116.200,0.16320,4.996,0.003
27.37,116.300,0.16337,4.997,0.003
27.43,116.400,0.16349,5.009,0.003
27.47,116.500,0.16366,5.015,0.003
27.51,116.600,0.16383,5.023,0.003
27.57,116.700,0.16395,5.034,0.003
27.56,116.800,0.16412,5.031,0.003
27.59,116.900,0.16428,5.037,0.003
27.61,117.000,0.16441,5.041,0.003
27.70,117.100,0.16457,5.058,0.003
27.71,117.200,0.16474,5.059,0.003
27.74,117.300,0.16491,5.065,0.003
27.79,117.400,0.16507,5.074,0.003
27.79,117.500,0.16520,5.074,0.003
27.87,117.600,0.16536,5.088,0.003
27.90,117.700,0.16553,5.094,0.003
27.94,117.800,0.16574,5.102,0.003
27.96,117.900,0.16590,5.105,0.003
28.01,118.000,0.16607,5.114,0.003
28.08,118.100,0.16628,5.127,0.003
28.11,118.200,0.16644,5.132,0.003
28.11,118.300,0.16665,5.132,0.003
28.21,118.400,0.16686,5.150,0.003
28.27,118.500,0.16707,5.161,0.003
28.34,118.600,0.16727,5.173,0.003
28.39,118.700,0.16748,5.183,0.003
28.40,118.800,0.16769,5.186,0.003
28.44,118.900,0.16794,5.193,0.003
28.47,119.000,0.16811,5.197,0.003
28.50,119.100,0.16831,5.203,0.003
28.55,119.200,0.16852,5.213,0.003
28.59,119.300,0.16873,5.220,0.003
28.61,119.400,0.16894,5.223,0.003
28.65,119.500,0.16910,5.230,0.003
28.71,119.600,0.16927,5.242,0.003
28.70,119.700,0.16944,5.239,0.003
28.76,119.800,0.16964,5.250,0.003
28.80,119.900,0.16981,5.258,0.003
28.81,120.000,0.16993,5.259,0.003
28.85,120.100,0.17010,5.267,0.003
28.88,120.200,0.17027,5.273,0.003
28.91,120.300,0.17039,5.278,0.003
28.93,120.400,0.17056,5.282,0.003
28.97,120.500,0.17068,5.288,0.003
28.97,120.600,0.17081,5.289,0.003
28.99,120.700,0.17097,5.293,0.003
29.06,120.800,0.17110,5.306,0.003
29.11,120.900,0.17122,5.315,0.003
29.12,121.000,0.17135,5.316,0.003
29.14,121.100,0.17151,5.320,0.003
29.15,121.200,0.17164,5.322,0.003
29.24,121.300,0.17176,5.338,0.003
29.20,121.400,0.17189,5.332,0.003
29.28,121.500,0.17205,5.345,0.003
29.30,121.600,0.17218,5.349,0.003
29.32,121.700,0.17234,5.354,0.003
29.40,121.800,0.17247,5.367,0.003
29.41,121.900,0.17264,5.370,0.003
29.45,122.000,0.17276,5.376,0.003
29.49,122.100,0.17293,5.385,0.003
29.54,122.200,0.17309,5.392,0.003
29.61,122.300,0.17326,5.406,0.003
29.64,122.400,0.17338,5.411,0.003
29.65,122.500,0.17355,5.413,0.003
29.64,122.600,0.17372,5.412,0.003
29.64,122.700,0.17384,5.411,0.003
29.72,122.800,0.17401,5.426,0.003
29.76,122.900,0.17417,5.434,0.003
29.77,123.000,0.17434,5.435,0.003
29.84,123.100,0.17451,5.449,0.003
29.87,123.200,0.17467,5.453,0.003
29.91,123.300,0.17484,5.460,0.003
29.94,123.400,0.17500,5.466,0.003
29.99,123.500,0.17517,5.475,0.003
30.02,123.600,0.17534,5.481,0.003
30.04,123.700,0.17550,5.485,0.003
30.08,123.800,0.17571,5.492,0.003
30.18,123.900,0.17588,5.509,0.003
30.22,124.000,0.17608,5.518,0.003
30.25,124.100,0.17629,5.523,0.003
30.33,124.200,0.17650,5.537,0.003
30.34,124.300,0.17671,5.539,0.003
30.41,124.400,0.17692,5.551,0.003
30.45,124.500,0.17712,5.559,0.003
30.48,124.600,0.17733,5.565,0.003
30.53,124.700,0.17754,5.574,0.003
30.58,124.800,0.17775,5.582,0.003
30.60,124.900,0.17795,5.587,0.004
30.65,125.000,0.17812,5.597,0.004
30.69,125.100,0.17833,5.604,0.004
30.77,125.200,0.17849,5.618,0.004
30.77,125.300,0.17870,5.619,0.004
30.80,125.400,0.17887,5.623,0.004
30.85,125.500,0.17903,5.632,0.004
30.84,125.600,0.17920,5.630,0.004
30.96,125.700,0.17937,5.653,0.004
30.96,125.800,0.17949,5.653,0.004
30.94,125.900,0.17966,5.649,0.004
30.99,126.000,0.17982,5.659,0.004
31.05,126.100,0.17995,5.670,0.004
31.06,126.200,0.18012,5.671,0.004
31.07,126.300,0.18024,5.673,0.004
31.15,126.400,0.18036,5.687,0.004
31.13,126.500,0.18053,5.684,0.004
31.20,126.600,0.18066,5.696,0.004
31.21,126.700,0.18078,5.698,0.004
31.23,126.800,0.18090,5.702,0.004
31.26,126.900,0.18107,5.707,0.004
31.29,127.000,0.18120,5.712,0.004
31.33,127.100,0.18132,5.719,0.004
31.37,127.200,0.18144,5.727,0.004
31.40,127.300,0.18161,5.733,0.004
31.44,127.400,0.18174,5.740,0.004
31.49,127.500,0.18190,5.749,0.004
31.49,127.600,0.18203,5.749,0.004
31.54,127.700,0.18219,5.758,0.004
31.59,127.800,0.18232,5.767,0.004
31.63,127.900,0.18248,5.774,0.004
31.66,128.000,0.18265,5.780,0.004
31.69,128.100,0.18277,5.787,0.004
31.73,128.200,0.18294,5.794,0.004
31.78,128.300,0.18311,5.803,0.004
31.80,128.400,0.18323,5.805,0.004
31.79,128.500,0.18340,5.804,0.004
31.87,128.600,0.18356,5.818,0.004
31.88,128.700,0.18373,5.821,0.004
31.95,128.800,0.18386,5.833,0.004
32.01,128.900,0.18402,5.844,0.004
32.04,129.000,0.18419,5.849,0.004
32.09,129.100,0.18435,5.858,0.004
32.14,129.200,0.18452,5.868,0.004
32.16,129.300,0.18469,5.871,0.004
32.23,129.400,0.18485,5.885,0.004
32.25,129.500,0.18506,5.888,0.004
32.33,129.600,0.18527,5.902,0.004
32.39,129.700,0.18543,5.913,0.004
32.43,129.800,0.18564,5.921,0.004
32.49,129.900,0.18585,5.931,0.004
32.53,130.000,0.18606,5.939,0.004
32.59,130.100,0.18631,5.950,0.004
32.68,130.200,0.18651,5.966,0.004
32.70,130.300,0.18672,5.970,0.004
32.76,130.400,0.18693,5.981,0.004
32.82,130.500,0.18714,5.991,0.004
32.84,130.600,0.18735,5.996,0.004
32.88,130.700,0.18755,6.002,0.004
32.93,130.800,0.18776,6.012,0.004
32.99,130.900,0.18797,6.023,0.004
32.99,131.000,0.18814,6.024,0.004
33.02,131.100,0.18830,6.029,0.004
33.09,131.200,0.18847,6.041,0.004
33.06,131.300,0.18863,6.035,0.004
33.12,131.400,0.18880,6.046,0.004
33.15,131.500,0.18897,6.053,0.004
33.15,131.600,0.18909,6.052,0.004
33.20,131.700,0.18926,6.061,0.004
33.25,131.800,0.18938,6.070,0.004
33.27,131.900,0.18955,6.074,0.004
33.29,132.000,0.18967,6.078,0.004
33.33,132.100,0.18984,6.085,0.004
33.33,132.200,0.18996,6.086,0.004
33.37,132.300,0.19009,6.093,0.004
33.40,132.400,0.19021,6.097,0.004
33.42,132.500,0.19038,6.102,0.004
33.45,132.600,0.19050,6.106,0.004
33.50,132.700,0.19063,6.116,0.004
33.53,132.800,0.19079,6.121,0.004
33.57,132.900,0.19092,6.129,0.004
33.60,133.000,0.19104,6.135,0.004
33.62,133.100,0.19121,6.138,0.004
33.66,133.200,0.19134,6.146,0.004
33.71,133.300,0.19150,6.154,0.004
33.75,133.400,0.19167,6.161,0.004
33.78,133.500,0.19179,6.167,0.004
33.83,133.600,0.19196,6.176,0.004
33.86,133.700,0.19212,6.182,0.004
33.89,133.800,0.19225,6.188,0.004
33.94,133.900,0.19242,6.197,0.004
33.99,134.000,0.19258,6.206,0.004
34.04,134.100,0.19275,6.215,0.004
34.08,134.200,0.19291,6.222,0.004
34.11,134.300,0.19308,6.228,0.004
34.15,134.400,0.19321,6.235,0.004
34.20,134.500,0.19337,6.245,0.004
34.23,134.600,0.19354,6.249,0.004
34.28,134.700,0.19370,6.258,0.004
34.31,134.800,0.19387,6.263,0.004
34.37,134.900,0.19408,6.274,0.004
34.40,135.000,0.19424,6.280,0.004
34.45,135.100,0.19441,6.290,0.004
34.51,135.200,0.19462,6.301,0.004
34.57,135.300,0.19483,6.311,0.004
34.62,135.400,0.19503,6.321,0.004
34.68,135.500,0.19524,6.331,0.004
34.74,135.600,0.19545,6.342,0.004
34.81,135.700,0.19570,6.355,0.004
34.85,135.800,0.19591,6.364,0.004
34.93,135.900,0.19611,6.377,0.004
34.97,136.000,0.19636,6.384,0.004
35.01,136.100,0.19657,6.393,0.004
35.05,136.200,0.19678,6.399,0.004
35.10,136.300,0.19699,6.409,0.004
35.16,136.400,0.19715,6.419,0.004
35.20,136.500,0.19736,6.426,0.004
35.23,136.600,0.19757,6.432,0.004
35.27,136.700,0.19773,6.439,0.004
35.32,136.800,0.19790,6.448,0.004
35.35,136.900,0.19807,6.454,0.004
35.37,137.000,0.19823,6.457,0.004
35.42,137.100,0.19840,6.467,0.004
35.42,137.200,0.19857,6.467,0.004
35.46,137.300,0.19869,6.473,0.004
35.52,137.400,0.19886,6.485,0.004
35.53,137.500,0.19902,6.487,0.004
35.57,137.600,0.19915,6.494,0.004
35.60,137.700,0.19931,6.500,0.004
35.64,137.800,0.19944,6.507,0.004
35.65,137.900,0.19956,6.510,0.004
35.69,138.000,0.19973,6.516,0.004
35.72,138.100,0.19985,6.521,0.004
35.74,138.200,0.19998,6.525,0.004
35.78,138.300,0.20014,6.533,0.004
35.82,138.400,0.20027,6.539,0.004
35.86,138.500,0.20044,6.547,0.004
35.90,138.600,0.20056,6.555,0.004
35.96,138.700,0.20073,6.565,0.004
35.98,138.800,0.20085,6.568,0.004
36.03,138.900,0.20102,6.578,0.004
36.07,139.000,0.20118,6.586,0.004
36.10,139.100,0.20131,6.591,0.004
36.18,139.200,0.20147,6.605,0.004
36.20,139.300,0.20164,6.610,0.004
36.23,139.400,0.20181,6.615,0.004
36.28,139.500,0.20193,6.624,0.004
36.33,139.600,0.20210,6.633,0.004
36.36,139.700,0.20226,6.639,0.004
36.40,139.800,0.20243,6.646,0.004
36.46,139.900,0.20256,6.656,0.004
36.49,140.000,0.20272,6.661,0.004
36.53,140.100,0.20289,6.670,0.004
36.58,140.200,0.20305,6.678,0.004
36.61,140.300,0.20322,6.683,0.004
36.67,140.400,0.20339,6.695,0.004
36.70,140.500,0.20359,6.700,0.004
36.74,140.600,0.20376,6.707,0.004
36.80,140.700,0.20397,6.718,0.004
36.86,140.800,0.20413,6.729,0.004
36.90,140.900,0.20434,6.736,0.004
36.95,141.000,0.20451,6.746,0.004
37.01,141.100,0.20472,6.757,0.004
37.06,141.200,0.20492,6.766,0.004
37.12,141.300,0.20517,6.777,0.004
37.19,141.400,0.20538,6.789,0.004
37.24,141.500,0.20559,6.798,0.004
37.27,141.600,0.20580,6.804,0.004
37.34,141.700,0.20600,6.817,0.004
37.39,141.800,0.20621,6.826,0.004
37.42,141.900,0.20638,6.833,0.004
37.47,142.000,0.20659,6.841,0.004
37.50,142.100,0.20679,6.847,0.004
37.55,142.200,0.20696,6.855,0.004
37.58,142.300,0.20713,6.862,0.004
37.62,142.400,0.20733,6.868,0.004
37.65,142.500,0.20750,6.873,0.004
37.67,142.600,0.20767,6.877,0.004
37.71,142.700,0.20779,6.884,0.004
37.74,142.800,0.20796,6.891,0.004
37.79,142.900,0.20812,6.899,0.004
37.81,143.000,0.20825,6.904,0.004
37.84,143.100,0.20841,6.909,0.004
37.88,143.200,0.20854,6.916,0.004
37.91,143.300,0.20871,6.921,0.004
37.92,143.400,0.20883,6.924,0.004
37.99,143.500,0.20895,6.936,0.004
38.00,143.600,0.20912,6.938,0.004
38.02,143.700,0.20925,6.941,0.004
38.07,143.800,0.20937,6.950,0.004
38.08,143.900,0.20950,6.952,0.004
38.12,144.000,0.20966,6.960,0.004
38.15,144.100,0.20979,6.966,0.004
38.21,144.200,0.20991,6.975,0.004
38.24,144.300,0.21008,6.981,0.004
38.27,144.400,0.21020,6.986,0.004
38.32,144.500,0.21037,6.996,0.004
38.36,144.600,0.21049,7.003,0.004
38.40,144.700,0.21066,7.011,0.004
38.44,144.800,0.21082,7.017,0.004
38.48,144.900,0.21099,7.025,0.004
38.52,145.000,0.21112,7.032,0.004
38.55,145.100,0.21128,7.038,0.004
38.59,145.200,0.21145,7.045,0.004
38.62,145.300,0.21157,7.051,0.004
38.68,145.400,0.21174,7.062,0.004
38.73,145.500,0.21191,7.072,0.004
38.77,145.600,0.21207,7.078,0.004
38.81,145.700,0.21224,7.086,0.004
38.84,145.800,0.21240,7.092,0.004
38.90,145.900,0.21257,7.103,0.004
38.94,146.000,0.21274,7.110,0.004
38.98,146.100,0.21290,7.117,0.004
39.02,146.200,0.21307,7.124,0.004
39.05,146.300,0.21324,7.130,0.004
39.16,146.400,0.21344,7.149,0.004
39.18,146.500,0.21365,7.153,0.004
39.23,146.600,0.21382,7.163,0.004
39.32,146.700,0.21402,7.179,0.004
39.35,146.800,0.21423,7.184,0.004
39.44,146.900,0.21448,7.200,0.004
39.50,147.000,0.21469,7.212,0.004
39.57,147.100,0.21490,7.225,0.004
39.63,147.200,0.21511,7.235,0.004
39.66,147.300,0.21531,7.241,0.004
39.74,147.400,0.21552,7.255,0.004
39.77,147.500,0.21577,7.261,0.004
39.83,147.600,0.21594,7.273,0.004
39.88,147.700,0.21614,7.281,0.004
39.91,147.800,0.21635,7.287,0.004
39.96,147.900,0.21656,7.297,0.004
40.01,148.000,0.21673,7.305,0.004
40.05,148.100,0.21689,7.311,0.004
40.07,148.200,0.21706,7.315,0.004
40.10,148.300,0.21722,7.322,0.004
40.15,148.400,0.21735,7.330,0.004
40.15,148.500,0.21752,7.331,0.004
40.20,148.600,0.21768,7.339,0.004
40.24,148.700,0.21781,7.347,0.004
40.27,148.800,0.21797,7.352,0.004
40.30,148.900,0.21810,7.357,0.004
40.31,149.000,0.21822,7.360,0.004
40.34,149.100,0.21835,7.365,0.004
40.40,149.200,0.21851,7.377,0.004
40.42,149.300,0.21864,7.380,0.004
40.45,149.400,0.21876,7.385,0.004
40.50,149.500,0.21889,7.394,0.004
40.55,149.600,0.21905,7.403,0.004
40.59,149.700,0.21918,7.410,0.004
40.62,149.800,0.21934,7.416,0.004
40.65,149.900,0.21947,7.421,0.004
40.69,150.000,0.21963,7.429,0.004
40.71,150.100,0.21976,7.433,0.004
40.76,150.200,0.21993,7.442,0.004
40.79,150.300,0.22005,7.447,0.004
40.85,150.400,0.22022,7.457,0.004
40.89,150.500,0.22038,7.465,0.004
40.92,150.600,0.22051,7.471,0.004
40.98,150.700,0.22067,7.482,0.004
41.03,150.800,0.22084,7.491,0.004
41.07,150.900,0.22101,7.498,0.004
41.10,151.000,0.22113,7.504,0.004
41.16,151.100,0.22130,7.514,0.004
41.19,151.200,0.22146,7.520,0.004
41.23,151.300,0.22163,7.527,0.004
41.29,151.400,0.22180,7.538,0.004
41.32,151.500,0.22196,7.545,0.004
41.37,151.600,0.22213,7.553,0.004
41.41,151.700,0.22229,7.561,0.004
41.47,151.800,0.22246,7.571,0.004
41.52,151.900,0.22263,7.581,0.004
41.57,152.000,0.22283,7.589,0.004
41.63,152.100,0.22304,7.601,0.004
41.67,152.200,0.22325,7.608,0.004
41.76,152.300,0.22346,7.625,0.004
41.83,152.400,0.22367,7.636,0.004
41.89,152.500,0.22387,7.648,0.004
41.93,152.600,0.22408,7.655,0.004
42.02,152.700,0.22433,7.671,0.004
42.06,152.800,0.22454,7.678,0.004
42.13,152.900,0.22475,7.692,0.004
42.19,153.000,0.22500,7.702,0.004
42.21,153.100,0.22520,7.706,0.004
42.25,153.200,0.22541,7.714,0.004
42.30,153.300,0.22558,7.722,0.004
42.34,153.400,0.22578,7.730,0.004
42.36,153.500,0.22595,7.735,0.004
42.40,153.600,0.22616,7.742,0.004
42.43,153.700,0.22633,7.746,0.004
42.47,153.800,0.22649,7.754,0.004
42.50,153.900,0.22662,7.760,0.004
42.52,154.000,0.22678,7.763,0.004
42.54,154.100,0.22695,7.767,0.004
42.59,154.200,0.22707,7.775,0.004
42.63,154.300,0.22724,7.783,0.004
42.66,154.400,0.22741,7.789,0.004
42.69,154.500,0.22753,7.793,0.004
42.71,154.600,0.22765,7.799,0.004
42.75,154.700,0.22782,7.805,0.004
42.78,154.800,0.22795,7.811,0.004
42.79,154.900,0.22807,7.813,0.004
19.15,155.000,0.22820,3.497,0.004
2.94,155.030,0.22824,0.537,0.004


