""
"Test Method","Will_Huddleston_Disks.msm"
"Sample I. D.","WH15Y.mss"
"Specimen Number","1"

"Load (N)","Time (s)","Extension (mm)","Stress (MPa)","Strain (mm/mm)"

6.81,0.200,-0.00740,1.258,0.000
6.77,0.300,-0.00740,1.251,0.000
6.81,0.400,-0.00735,1.259,0.000
6.80,0.500,-0.00735,1.256,0.000
6.80,0.600,-0.00735,1.256,0.000
6.81,0.700,-0.00731,1.259,0.000
6.79,0.800,-0.00731,1.255,0.000
6.82,0.900,-0.00731,1.260,0.000
6.83,1.000,-0.00727,1.262,0.000
6.84,1.100,-0.00727,1.264,0.000
6.83,1.200,-0.00727,1.262,0.000
6.84,1.300,-0.00723,1.264,0.000
6.84,1.400,-0.00723,1.263,0.000
6.87,1.500,-0.00719,1.269,0.000
6.88,1.600,-0.00719,1.271,0.000
6.84,1.700,-0.00715,1.264,0.000
6.81,1.800,-0.00710,1.258,0.000
6.86,1.900,-0.00702,1.269,0.000
6.88,2.000,-0.00690,1.272,0.000
6.94,2.100,-0.00677,1.282,0.000
7.03,2.200,-0.00661,1.299,0.000
7.08,2.300,-0.00644,1.309,0.000
7.12,2.400,-0.00627,1.317,0.000
7.17,2.500,-0.00611,1.325,0.000
7.22,2.600,-0.00598,1.334,0.000
7.26,2.700,-0.00582,1.341,0.000
7.28,2.800,-0.00569,1.345,0.000
7.30,2.900,-0.00557,1.350,0.000
7.32,3.000,-0.00544,1.352,0.000
7.35,3.100,-0.00528,1.359,0.000
7.36,3.200,-0.00515,1.360,0.000
7.40,3.300,-0.00503,1.367,0.000
7.42,3.400,-0.00490,1.371,0.000
7.47,3.500,-0.00478,1.380,0.000
7.46,3.600,-0.00465,1.378,0.000
7.47,3.700,-0.00453,1.381,0.000
7.50,3.800,-0.00440,1.386,0.000
7.51,3.900,-0.00428,1.388,0.000
7.53,4.000,-0.00415,1.392,0.000
7.55,4.100,-0.00399,1.395,0.000
7.63,4.200,-0.00386,1.410,0.000
7.61,4.300,-0.00374,1.407,0.000
7.65,4.400,-0.00361,1.414,0.000
7.65,4.500,-0.00349,1.414,0.000
7.71,4.600,-0.00332,1.425,0.000
7.71,4.700,-0.00320,1.424,0.000
7.72,4.800,-0.00303,1.427,0.000
7.75,4.900,-0.00291,1.432,0.000
7.74,5.000,-0.00278,1.431,0.000
7.84,5.100,-0.00262,1.449,0.000
7.81,5.200,-0.00245,1.443,0.000
7.86,5.300,-0.00233,1.452,0.000
7.84,5.400,-0.00216,1.448,0.000
7.92,5.500,-0.00199,1.464,0.000
7.90,5.600,-0.00187,1.461,0.000
7.95,5.700,-0.00170,1.468,0.000
7.96,5.800,-0.00154,1.472,0.000
7.97,5.900,-0.00141,1.473,0.000
7.97,6.000,-0.00125,1.474,0.000
8.05,6.100,-0.00104,1.488,0.000
8.05,6.200,-0.00087,1.487,0.000
8.04,6.300,-0.00070,1.486,0.000
8.07,6.400,-0.00054,1.492,0.000
8.11,6.500,-0.00037,1.499,0.000
8.13,6.600,-0.00016,1.503,0.000
8.15,6.700,0.00000,1.506,0.000
8.18,6.800,0.00021,1.512,0.000
8.20,6.900,0.00042,1.516,0.000
8.22,7.000,0.00062,1.519,0.000
8.26,7.100,0.00083,1.526,0.000
8.28,7.200,0.00104,1.531,0.000
8.31,7.300,0.00125,1.537,0.000
8.35,7.400,0.00146,1.542,0.000
8.36,7.500,0.00166,1.545,0.000
8.40,7.600,0.00183,1.552,0.000
8.42,7.700,0.00204,1.556,0.000
8.45,7.800,0.00225,1.562,0.000
8.43,7.900,0.00241,1.558,0.000
8.50,8.000,0.00262,1.570,0.000
8.52,8.100,0.00279,1.575,0.000
8.56,8.200,0.00295,1.582,0.000
8.54,8.300,0.00312,1.578,0.000
8.57,8.400,0.00328,1.585,0.000
8.58,8.500,0.00345,1.586,0.000
8.60,8.600,0.00358,1.589,0.000
8.63,8.700,0.00374,1.594,0.000
8.64,8.800,0.00387,1.597,0.000
8.67,8.900,0.00403,1.603,0.000
8.65,9.000,0.00416,1.599,0.000
8.70,9.100,0.00428,1.607,0.000
8.69,9.200,0.00445,1.605,0.000
8.72,9.300,0.00457,1.611,0.000
8.72,9.400,0.00470,1.611,0.000
8.72,9.500,0.00482,1.611,0.000
8.76,9.600,0.00499,1.620,0.000
8.77,9.700,0.00511,1.622,0.000
8.78,9.800,0.00524,1.622,0.000
8.82,9.900,0.00540,1.630,0.000
8.85,10.000,0.00553,1.635,0.000
8.89,10.100,0.00569,1.644,0.000
8.85,10.200,0.00582,1.636,0.000
8.92,10.300,0.00599,1.648,0.000
8.90,10.400,0.00611,1.646,0.000
8.94,10.500,0.00628,1.653,0.000
8.95,10.600,0.00644,1.654,0.000
8.97,10.700,0.00661,1.657,0.000
9.03,10.800,0.00673,1.669,0.000
9.01,10.900,0.00690,1.666,0.000
9.09,11.000,0.00707,1.681,0.000
9.07,11.100,0.00719,1.676,0.000
9.10,11.200,0.00736,1.682,0.000
9.13,11.300,0.00752,1.688,0.000
9.14,11.400,0.00769,1.690,0.000
9.19,11.500,0.00786,1.698,0.000
9.20,11.600,0.00802,1.700,0.000
9.21,11.700,0.00819,1.702,0.000
9.25,11.800,0.00835,1.709,0.000
9.24,11.900,0.00856,1.708,0.000
9.32,12.000,0.00873,1.722,0.000
9.29,12.100,0.00894,1.717,0.000
9.35,12.200,0.00910,1.728,0.000
9.40,12.300,0.00931,1.737,0.000
9.40,12.400,0.00952,1.738,0.000
9.45,12.500,0.00973,1.747,0.000
9.45,12.600,0.00993,1.747,0.000
9.49,12.700,0.01018,1.755,0.000
9.53,12.800,0.01039,1.761,0.000
9.56,12.900,0.01060,1.768,0.000
9.57,13.000,0.01081,1.769,0.000
9.62,13.100,0.01101,1.777,0.000
9.64,13.200,0.01122,1.781,0.000
9.64,13.300,0.01143,1.782,0.000
9.70,13.400,0.01164,1.792,0.000
9.70,13.500,0.01184,1.793,0.000
9.73,13.600,0.01201,1.799,0.000
9.73,13.700,0.01218,1.799,0.000
9.80,13.800,0.01234,1.811,0.000
9.79,13.900,0.01251,1.810,0.000
9.79,14.000,0.01268,1.810,0.000
9.83,14.100,0.01284,1.817,0.000
9.83,14.200,0.01301,1.817,0.000
9.85,14.300,0.01313,1.821,0.000
9.88,14.400,0.01330,1.825,0.000
9.86,14.500,0.01342,1.822,0.000
9.92,14.600,0.01359,1.833,0.000
9.89,14.700,0.01371,1.828,0.000
9.93,14.800,0.01384,1.835,0.000
9.93,14.900,0.01401,1.835,0.000
9.93,15.000,0.01413,1.835,0.000
9.95,15.100,0.01426,1.839,0.000
9.97,15.200,0.01438,1.843,0.000
9.95,15.300,0.01450,1.838,0.000
9.99,15.400,0.01467,1.845,0.000
10.03,15.500,0.01480,1.854,0.000
9.96,15.600,0.01492,1.841,0.000
9.98,15.700,0.01509,1.845,0.000
10.02,15.800,0.01521,1.851,0.000
10.11,15.900,0.01538,1.868,0.000
10.02,16.000,0.01550,1.852,0.000
10.08,16.100,0.01567,1.862,0.000
10.10,16.200,0.01579,1.867,0.000
10.11,16.300,0.01596,1.869,0.000
10.11,16.400,0.01613,1.869,0.000
10.14,16.500,0.01625,1.873,0.000
10.14,16.600,0.01642,1.874,0.000
10.14,16.700,0.01658,1.874,0.000
10.18,16.800,0.01675,1.882,0.000
10.18,16.900,0.01687,1.881,0.000
10.19,17.000,0.01704,1.883,0.000
10.23,17.100,0.01721,1.890,0.000
10.25,17.200,0.01737,1.895,0.000
10.30,17.300,0.01754,1.903,0.000
10.31,17.400,0.01770,1.906,0.000
10.31,17.500,0.01787,1.906,0.000
10.32,17.600,0.01804,1.907,0.000
10.35,17.700,0.01820,1.913,0.000
10.42,17.800,0.01841,1.926,0.000
10.46,17.900,0.01858,1.932,0.000
10.45,18.000,0.01878,1.931,0.000
10.52,18.100,0.01899,1.943,0.000
10.52,18.200,0.01924,1.944,0.000
10.55,18.300,0.01945,1.949,0.000
10.58,18.400,0.01966,1.955,0.000
10.61,18.500,0.01987,1.961,0.000
10.64,18.600,0.02011,1.966,0.000
10.69,18.700,0.02032,1.976,0.000
10.72,18.800,0.02053,1.981,0.000
10.73,18.900,0.02074,1.984,0.000
10.76,19.000,0.02095,1.988,0.000
10.76,19.100,0.02115,1.989,0.000
10.78,19.200,0.02132,1.992,0.000
10.81,19.300,0.02149,1.998,0.000
10.83,19.400,0.02169,2.001,0.000
10.83,19.500,0.02186,2.002,0.000
10.85,19.600,0.02203,2.006,0.000
10.87,19.700,0.02215,2.009,0.000
10.90,19.800,0.02232,2.014,0.000
10.92,19.900,0.02244,2.018,0.000
10.93,20.000,0.02261,2.020,0.000
10.94,20.100,0.02273,2.022,0.000
10.97,20.200,0.02286,2.027,0.000
11.01,20.300,0.02302,2.034,0.000
11.00,20.400,0.02315,2.033,0.000
11.04,20.500,0.02327,2.040,0.000
11.06,20.600,0.02340,2.044,0.000
11.09,20.700,0.02352,2.049,0.000
11.03,20.800,0.02369,2.039,0.000
11.11,20.900,0.02381,2.052,0.000
11.12,21.000,0.02394,2.055,0.000
11.12,21.100,0.02406,2.054,0.000
11.17,21.200,0.02423,2.063,0.000
11.20,21.300,0.02435,2.071,0.000
11.20,21.400,0.02452,2.070,0.000
11.24,21.500,0.02464,2.078,0.000
11.26,21.600,0.02481,2.081,0.000
11.28,21.700,0.02493,2.085,0.000
11.29,21.800,0.02510,2.087,0.000
11.28,21.900,0.02523,2.084,0.000
11.34,22.000,0.02539,2.096,0.000
11.36,22.100,0.02552,2.100,0.001
11.40,22.200,0.02568,2.107,0.001
11.40,22.300,0.02585,2.106,0.001
11.41,22.400,0.02597,2.108,0.001
11.44,22.500,0.02614,2.115,0.001
11.52,22.600,0.02631,2.128,0.001
11.49,22.700,0.02647,2.123,0.001
11.52,22.800,0.02664,2.128,0.001
11.56,22.900,0.02680,2.137,0.001
11.57,23.000,0.02697,2.137,0.001
11.61,23.100,0.02714,2.146,0.001
11.61,23.200,0.02726,2.145,0.001
11.64,23.300,0.02747,2.151,0.001
11.70,23.400,0.02764,2.162,0.001
11.72,23.500,0.02784,2.166,0.001
11.74,23.600,0.02801,2.169,0.001
11.78,23.700,0.02822,2.176,0.001
11.82,23.800,0.02843,2.184,0.001
11.80,23.900,0.02863,2.181,0.001
11.86,24.000,0.02884,2.191,0.001
11.93,24.100,0.02905,2.205,0.001
11.94,24.200,0.02930,2.206,0.001
11.98,24.300,0.02951,2.214,0.001
11.97,24.400,0.02971,2.213,0.001
12.04,24.500,0.02992,2.224,0.001
12.06,24.600,0.03013,2.229,0.001
12.09,24.700,0.03034,2.235,0.001
12.10,24.800,0.03055,2.236,0.001
12.13,24.900,0.03075,2.243,0.001
12.13,25.000,0.03092,2.242,0.001
12.14,25.100,0.03109,2.243,0.001
12.21,25.200,0.03125,2.256,0.001
12.26,25.300,0.03142,2.266,0.001
12.23,25.400,0.03158,2.260,0.001
12.27,25.500,0.03175,2.267,0.001
12.27,25.600,0.03192,2.267,0.001
12.28,25.700,0.03204,2.270,0.001
12.32,25.800,0.03221,2.278,0.001
12.36,25.900,0.03233,2.284,0.001
12.35,26.000,0.03250,2.282,0.001
12.33,26.100,0.03262,2.278,0.001
12.37,26.200,0.03275,2.286,0.001
12.41,26.300,0.03291,2.294,0.001
12.44,26.400,0.03304,2.300,0.001
12.43,26.500,0.03316,2.298,0.001
12.44,26.600,0.03329,2.298,0.001
12.51,26.700,0.03345,2.311,0.001
12.52,26.800,0.03358,2.314,0.001
12.50,26.900,0.03370,2.310,0.001
12.59,27.000,0.03387,2.327,0.001
12.60,27.100,0.03399,2.329,0.001
12.62,27.200,0.03416,2.332,0.001
12.66,27.300,0.03433,2.339,0.001
12.68,27.400,0.03445,2.344,0.001
12.68,27.500,0.03462,2.343,0.001
12.74,27.600,0.03478,2.355,0.001
12.74,27.700,0.03491,2.354,0.001
12.78,27.800,0.03507,2.362,0.001
12.82,27.900,0.03524,2.368,0.001
12.82,28.000,0.03541,2.369,0.001
12.86,28.100,0.03553,2.377,0.001
12.87,28.200,0.03570,2.378,0.001
12.91,28.300,0.03586,2.385,0.001
12.96,28.400,0.03603,2.394,0.001
12.94,28.500,0.03616,2.391,0.001
12.98,28.600,0.03632,2.399,0.001
13.02,28.700,0.03649,2.407,0.001
13.03,28.800,0.03665,2.408,0.001
13.07,28.900,0.03682,2.415,0.001
13.10,29.000,0.03703,2.421,0.001
13.09,29.100,0.03719,2.419,0.001
13.18,29.200,0.03740,2.436,0.001
13.20,29.300,0.03757,2.439,0.001
13.17,29.400,0.03778,2.435,0.001
13.24,29.500,0.03798,2.447,0.001
13.30,29.600,0.03819,2.458,0.001
13.34,29.700,0.03840,2.466,0.001
13.39,29.800,0.03861,2.474,0.001
13.44,29.900,0.03886,2.483,0.001
13.50,30.000,0.03906,2.495,0.001
13.48,30.100,0.03927,2.491,0.001
13.51,30.200,0.03948,2.497,0.001
13.52,30.300,0.03965,2.499,0.001
13.58,30.400,0.03985,2.510,0.001
13.57,30.500,0.04006,2.509,0.001
13.63,30.600,0.04023,2.519,0.001
13.64,30.700,0.04044,2.521,0.001
13.68,30.800,0.04060,2.529,0.001
13.71,30.900,0.04077,2.534,0.001
13.73,31.000,0.04093,2.538,0.001
13.74,31.100,0.04110,2.539,0.001
13.80,31.200,0.04122,2.550,0.001
13.83,31.300,0.04139,2.556,0.001
13.82,31.400,0.04156,2.555,0.001
13.84,31.500,0.04168,2.558,0.001
13.87,31.600,0.04181,2.563,0.001
13.90,31.700,0.04197,2.569,0.001
13.92,31.800,0.04210,2.573,0.001
13.91,31.900,0.04222,2.571,0.001
13.94,32.000,0.04239,2.577,0.001
13.99,32.100,0.04251,2.586,0.001
13.97,32.200,0.04264,2.581,0.001
14.02,32.300,0.04276,2.590,0.001
14.04,32.400,0.04289,2.595,0.001
14.06,32.500,0.04305,2.599,0.001
14.10,32.600,0.04318,2.605,0.001
14.13,32.700,0.04330,2.611,0.001
14.18,32.800,0.04347,2.621,0.001
14.19,32.900,0.04359,2.622,0.001
14.23,33.000,0.04372,2.629,0.001
14.22,33.100,0.04388,2.628,0.001
14.27,33.200,0.04401,2.638,0.001
14.29,33.300,0.04418,2.641,0.001
14.32,33.400,0.04434,2.646,0.001
14.34,33.500,0.04447,2.650,0.001
14.39,33.600,0.04463,2.660,0.001
14.39,33.700,0.04480,2.660,0.001
14.40,33.800,0.04492,2.660,0.001
14.44,33.900,0.04509,2.669,0.001
14.47,34.000,0.04526,2.674,0.001
14.54,34.100,0.04538,2.687,0.001
14.57,34.200,0.04555,2.693,0.001
14.56,34.300,0.04571,2.690,0.001
14.60,34.400,0.04588,2.699,0.001
14.56,34.500,0.04605,2.691,0.001
14.64,34.600,0.04621,2.706,0.001
14.69,34.700,0.04638,2.715,0.001
14.71,34.800,0.04654,2.719,0.001
14.78,34.900,0.04675,2.731,0.001
14.78,35.000,0.04692,2.732,0.001
14.81,35.100,0.04713,2.736,0.001
14.87,35.200,0.04733,2.748,0.001
14.92,35.300,0.04750,2.758,0.001
14.92,35.400,0.04771,2.756,0.001
14.98,35.500,0.04796,2.769,0.001
15.03,35.600,0.04816,2.777,0.001
15.05,35.700,0.04837,2.782,0.001
15.12,35.800,0.04858,2.795,0.001
15.13,35.900,0.04879,2.796,0.001
15.18,36.000,0.04900,2.805,0.001
15.22,36.100,0.04920,2.812,0.001
15.25,36.200,0.04941,2.819,0.001
15.27,36.300,0.04958,2.821,0.001
15.31,36.400,0.04974,2.830,0.001
15.33,36.500,0.04995,2.834,0.001
15.36,36.600,0.05012,2.838,0.001
15.41,36.700,0.05028,2.849,0.001
15.44,36.800,0.05045,2.853,0.001
15.45,36.900,0.05057,2.855,0.001
15.48,37.000,0.05074,2.861,0.001
15.49,37.100,0.05087,2.864,0.001
15.55,37.200,0.05103,2.873,0.001
15.58,37.300,0.05116,2.879,0.001
15.58,37.400,0.05128,2.878,0.001
15.60,37.500,0.05141,2.883,0.001
15.65,37.600,0.05157,2.892,0.001
15.65,37.700,0.05170,2.892,0.001
15.66,37.800,0.05182,2.895,0.001
15.73,37.900,0.05195,2.907,0.001
15.75,38.000,0.05207,2.911,0.001
15.75,38.100,0.05224,2.910,0.001
15.79,38.200,0.05236,2.918,0.001
15.85,38.300,0.05249,2.929,0.001
15.86,38.400,0.05265,2.930,0.001
15.91,38.500,0.05278,2.940,0.001
15.90,38.600,0.05294,2.938,0.001
15.94,38.700,0.05307,2.946,0.001
15.95,38.800,0.05323,2.948,0.001
15.99,38.900,0.05340,2.955,0.001
16.03,39.000,0.05353,2.963,0.001
16.05,39.100,0.05369,2.967,0.001
16.07,39.200,0.05386,2.970,0.001
16.15,39.300,0.05402,2.985,0.001
16.19,39.400,0.05415,2.991,0.001
16.18,39.500,0.05431,2.990,0.001
16.20,39.600,0.05448,2.995,0.001
16.23,39.700,0.05465,3.000,0.001
16.28,39.800,0.05481,3.009,0.001
16.31,39.900,0.05498,3.013,0.001
16.34,40.000,0.05515,3.019,0.001
16.38,40.100,0.05531,3.027,0.001
16.41,40.200,0.05548,3.032,0.001
16.46,40.300,0.05564,3.043,0.001
16.48,40.400,0.05581,3.045,0.001
16.55,40.500,0.05602,3.058,0.001
16.58,40.600,0.05618,3.064,0.001
16.63,40.700,0.05639,3.074,0.001
16.69,40.800,0.05660,3.084,0.001
16.73,40.900,0.05681,3.092,0.001
16.76,41.000,0.05702,3.098,0.001
16.83,41.100,0.05727,3.110,0.001
16.90,41.200,0.05747,3.123,0.001
16.91,41.300,0.05772,3.126,0.001
16.97,41.400,0.05793,3.136,0.001
17.04,41.500,0.05814,3.149,0.001
17.09,41.600,0.05835,3.159,0.001
17.11,41.700,0.05855,3.162,0.001
17.15,41.800,0.05876,3.169,0.001
17.20,41.900,0.05897,3.179,0.001
17.21,42.000,0.05914,3.181,0.001
17.27,42.100,0.05930,3.191,0.001
17.28,42.200,0.05951,3.194,0.001
17.35,42.300,0.05963,3.207,0.001
17.36,42.400,0.05980,3.208,0.001
17.42,42.500,0.05997,3.219,0.001
17.43,42.600,0.06013,3.221,0.001
17.51,42.700,0.06026,3.236,0.001
17.47,42.800,0.06042,3.229,0.001
17.52,42.900,0.06059,3.237,0.001
17.57,43.000,0.06071,3.247,0.001
17.58,43.100,0.06084,3.249,0.001
17.61,43.200,0.06101,3.255,0.001
17.65,43.300,0.06113,3.261,0.001
17.66,43.400,0.06125,3.264,0.001
17.68,43.500,0.06138,3.266,0.001
17.75,43.600,0.06155,3.281,0.001
17.74,43.700,0.06167,3.278,0.001
17.81,43.800,0.06180,3.291,0.001
17.78,43.900,0.06196,3.286,0.001
17.87,44.000,0.06209,3.303,0.001
17.88,44.100,0.06225,3.305,0.001
17.97,44.200,0.06238,3.321,0.001
17.97,44.300,0.06254,3.321,0.001
17.99,44.400,0.06267,3.325,0.001
18.03,44.500,0.06283,3.332,0.001
18.09,44.600,0.06300,3.343,0.001
18.08,44.700,0.06317,3.341,0.001
18.14,44.800,0.06329,3.353,0.001
18.18,44.900,0.06346,3.360,0.001
18.22,45.000,0.06362,3.368,0.001
18.25,45.100,0.06375,3.373,0.001
18.29,45.200,0.06391,3.380,0.001
18.37,45.300,0.06408,3.395,0.001
18.36,45.400,0.06425,3.393,0.001
18.40,45.500,0.06441,3.401,0.001
18.47,45.600,0.06458,3.413,0.001
18.49,45.700,0.06475,3.418,0.001
18.51,45.800,0.06491,3.420,0.001
18.61,45.900,0.06508,3.439,0.001
18.61,46.000,0.06529,3.439,0.001
18.71,46.100,0.06545,3.458,0.001
18.73,46.200,0.06562,3.461,0.001
18.76,46.300,0.06583,3.466,0.001
18.83,46.400,0.06603,3.480,0.001
18.86,46.500,0.06624,3.485,0.001
18.92,46.600,0.06645,3.496,0.001
18.98,46.700,0.06666,3.508,0.001
19.01,46.800,0.06686,3.513,0.001
19.09,46.900,0.06707,3.529,0.001
19.15,47.000,0.06728,3.539,0.001
19.19,47.100,0.06749,3.546,0.001
19.24,47.200,0.06770,3.556,0.001
19.26,47.300,0.06790,3.559,0.001
19.31,47.400,0.06811,3.568,0.001
19.37,47.500,0.06832,3.579,0.001
19.40,47.600,0.06849,3.585,0.001
19.49,47.700,0.06869,3.601,0.001
19.52,47.800,0.06886,3.607,0.001
19.52,47.900,0.06903,3.607,0.001
19.52,48.000,0.06919,3.607,0.001
19.62,48.100,0.06936,3.626,0.001
19.69,48.200,0.06952,3.638,0.001
19.71,48.300,0.06965,3.642,0.001
19.70,48.400,0.06982,3.640,0.001
19.76,48.500,0.06994,3.652,0.001
19.82,48.600,0.07011,3.662,0.001
19.83,48.700,0.07023,3.664,0.001
19.87,48.800,0.07040,3.672,0.001
19.88,48.900,0.07052,3.674,0.001
19.93,49.000,0.07065,3.683,0.001
19.96,49.100,0.07081,3.689,0.001
19.98,49.200,0.07094,3.693,0.001
20.00,49.300,0.07106,3.696,0.001
20.04,49.400,0.07119,3.703,0.001
20.09,49.500,0.07131,3.713,0.001
20.10,49.600,0.07148,3.714,0.001
20.13,49.700,0.07160,3.720,0.001
20.19,49.800,0.07173,3.731,0.001
20.20,49.900,0.07189,3.733,0.001
20.22,50.000,0.07202,3.736,0.001
20.32,50.100,0.07218,3.755,0.001
20.34,50.200,0.07231,3.760,0.001
20.37,50.300,0.07247,3.764,0.001
20.43,50.400,0.07260,3.775,0.001
20.43,50.500,0.07277,3.776,0.001
20.47,50.600,0.07293,3.783,0.001
20.50,50.700,0.07310,3.788,0.001
20.60,50.800,0.07322,3.806,0.001
20.63,50.900,0.07339,3.813,0.001
20.63,51.000,0.07356,3.812,0.001
20.69,51.100,0.07372,3.824,0.001
20.73,51.200,0.07385,3.830,0.001
20.75,51.300,0.07401,3.835,0.001
20.82,51.400,0.07418,3.847,0.001
20.89,51.500,0.07434,3.861,0.001
20.94,51.600,0.07451,3.870,0.001
20.98,51.700,0.07468,3.877,0.001
20.98,51.800,0.07484,3.877,0.001
21.07,51.900,0.07505,3.893,0.001
21.11,52.000,0.07522,3.902,0.001
21.17,52.100,0.07543,3.913,0.001
21.23,52.200,0.07563,3.923,0.001
21.28,52.300,0.07584,3.932,0.001
21.29,52.400,0.07605,3.935,0.001
21.40,52.500,0.07626,3.954,0.002
21.44,52.600,0.07651,3.962,0.002
21.49,52.700,0.07671,3.972,0.002
21.55,52.800,0.07692,3.982,0.002
21.60,52.900,0.07713,3.993,0.002
21.68,53.000,0.07734,4.006,0.002
21.70,53.100,0.07750,4.011,0.002
21.75,53.200,0.07771,4.019,0.002
21.78,53.300,0.07792,4.025,0.002
21.83,53.400,0.07808,4.035,0.002
21.89,53.500,0.07825,4.045,0.002
21.95,53.600,0.07842,4.056,0.002
21.99,53.700,0.07858,4.064,0.002
22.01,53.800,0.07875,4.068,0.002
22.05,53.900,0.07892,4.075,0.002
22.06,54.000,0.07908,4.077,0.002
22.14,54.100,0.07921,4.091,0.002
22.16,54.200,0.07937,4.095,0.002
22.20,54.300,0.07950,4.103,0.002
22.22,54.400,0.07962,4.107,0.002
22.28,54.500,0.07979,4.118,0.002
22.29,54.600,0.07991,4.118,0.002
22.32,54.700,0.08004,4.124,0.002
22.34,54.800,0.08016,4.128,0.002
22.40,54.900,0.08029,4.141,0.002
22.44,55.000,0.08041,4.148,0.002
22.46,55.100,0.08058,4.151,0.002
22.51,55.200,0.08070,4.160,0.002
22.53,55.300,0.08083,4.164,0.002
22.57,55.400,0.08095,4.171,0.002
22.64,55.500,0.08112,4.184,0.002
22.65,55.600,0.08124,4.186,0.002
22.70,55.700,0.08137,4.195,0.002
22.74,55.800,0.08153,4.202,0.002
22.78,55.900,0.08166,4.211,0.002
22.84,56.000,0.08182,4.221,0.002
22.89,56.100,0.08195,4.231,0.002
22.93,56.200,0.08212,4.237,0.002
22.96,56.300,0.08228,4.242,0.002
22.98,56.400,0.08241,4.247,0.002
23.05,56.500,0.08257,4.261,0.002
23.08,56.600,0.08274,4.266,0.002
23.11,56.700,0.08291,4.271,0.002
23.17,56.800,0.08303,4.283,0.002
23.20,56.900,0.08320,4.288,0.002
23.27,57.000,0.08336,4.301,0.002
23.32,57.100,0.08353,4.310,0.002
23.37,57.200,0.08369,4.318,0.002
23.36,57.300,0.08386,4.317,0.002
23.43,57.400,0.08403,4.330,0.002
23.52,57.500,0.08419,4.346,0.002
23.54,57.600,0.08440,4.351,0.002
23.62,57.700,0.08457,4.365,0.002
23.70,57.800,0.08478,4.380,0.002
23.72,57.900,0.08494,4.383,0.002
23.79,58.000,0.08515,4.396,0.002
23.85,58.100,0.08536,4.408,0.002
23.89,58.200,0.08556,4.415,0.002
23.95,58.300,0.08581,4.426,0.002
24.03,58.400,0.08602,4.440,0.002
24.11,58.500,0.08623,4.455,0.002
24.12,58.600,0.08644,4.458,0.002
24.21,58.700,0.08665,4.473,0.002
24.26,58.800,0.08685,4.483,0.002
24.31,58.900,0.08706,4.493,0.002
24.38,59.000,0.08723,4.505,0.002
24.42,59.100,0.08743,4.513,0.002
24.48,59.200,0.08760,4.524,0.002
24.53,59.300,0.08781,4.534,0.002
24.57,59.400,0.08798,4.541,0.002
24.60,59.500,0.08814,4.547,0.002
24.61,59.600,0.08827,4.549,0.002
24.68,59.700,0.08843,4.562,0.002
24.73,59.800,0.08860,4.570,0.002
24.76,59.900,0.08876,4.575,0.002
24.81,60.000,0.08889,4.586,0.002
24.86,60.100,0.08906,4.595,0.002
24.90,60.200,0.08918,4.601,0.002
24.92,60.300,0.08930,4.605,0.002
24.96,60.400,0.08947,4.614,0.002
25.02,60.500,0.08960,4.623,0.002
25.03,60.600,0.08972,4.625,0.002
25.08,60.700,0.08985,4.635,0.002
25.14,60.800,0.08997,4.645,0.002
25.16,60.900,0.09009,4.650,0.002
25.18,61.000,0.09026,4.654,0.002
25.24,61.100,0.09039,4.665,0.002
25.27,61.200,0.09051,4.670,0.002
25.30,61.300,0.09068,4.676,0.002
25.35,61.400,0.09080,4.686,0.002
25.41,61.500,0.09097,4.696,0.002
25.44,61.600,0.09109,4.702,0.002
25.48,61.700,0.09126,4.708,0.002
25.52,61.800,0.09138,4.716,0.002
25.56,61.900,0.09155,4.725,0.002
25.63,62.000,0.09172,4.737,0.002
25.67,62.100,0.09188,4.744,0.002
25.72,62.200,0.09201,4.754,0.002
25.77,62.300,0.09217,4.762,0.002
25.81,62.400,0.09234,4.769,0.002
25.84,62.500,0.09250,4.776,0.002
25.91,62.600,0.09263,4.788,0.002
25.93,62.700,0.09280,4.793,0.002
25.99,62.800,0.09296,4.803,0.002
26.03,62.900,0.09313,4.811,0.002
26.10,63.000,0.09329,4.824,0.002
26.13,63.100,0.09346,4.829,0.002
26.20,63.200,0.09363,4.841,0.002
26.19,63.300,0.09383,4.840,0.002
26.25,63.400,0.09400,4.852,0.002
26.32,63.500,0.09417,4.865,0.002
26.38,63.600,0.09437,4.876,0.002
26.43,63.700,0.09458,4.885,0.002
26.49,63.800,0.09479,4.895,0.002
26.55,63.900,0.09500,4.906,0.002
26.62,64.000,0.09521,4.919,0.002
26.69,64.100,0.09541,4.932,0.002
26.75,64.200,0.09562,4.944,0.002
26.80,64.300,0.09583,4.953,0.002
26.87,64.400,0.09604,4.966,0.002
26.92,64.500,0.09620,4.974,0.002
26.99,64.600,0.09641,4.988,0.002
27.05,64.700,0.09662,4.999,0.002
27.11,64.800,0.09679,5.010,0.002
27.12,64.900,0.09699,5.013,0.002
27.19,65.000,0.09716,5.025,0.002
27.23,65.100,0.09733,5.031,0.002
27.26,65.200,0.09749,5.038,0.002
27.35,65.300,0.09766,5.054,0.002
27.37,65.400,0.09782,5.059,0.002
27.43,65.500,0.09795,5.070,0.002
27.45,65.600,0.09811,5.073,0.002
27.51,65.700,0.09828,5.084,0.002
27.53,65.800,0.09841,5.088,0.002
27.58,65.900,0.09853,5.096,0.002
27.61,66.000,0.09870,5.102,0.002
27.63,66.100,0.09882,5.106,0.002
27.68,66.200,0.09895,5.116,0.002
27.71,66.300,0.09907,5.122,0.002
27.76,66.400,0.09924,5.130,0.002
27.81,66.500,0.09936,5.139,0.002
27.82,66.600,0.09949,5.142,0.002
27.86,66.700,0.09961,5.149,0.002
27.89,66.800,0.09978,5.154,0.002
27.94,66.900,0.09990,5.163,0.002
27.97,67.000,0.10007,5.168,0.002
28.00,67.100,0.10019,5.174,0.002
22.53,67.200,0.10032,4.164,0.002
22.98,67.300,0.10048,4.248,0.002
23.12,67.400,0.10061,4.272,0.002
23.18,67.500,0.10077,4.284,0.002
23.29,67.600,0.10094,4.303,0.002
23.36,67.700,0.10107,4.318,0.002
23.46,67.800,0.10123,4.335,0.002
23.57,67.900,0.10140,4.356,0.002
23.64,68.000,0.10152,4.369,0.002
23.78,68.100,0.10169,4.394,0.002
23.80,68.200,0.10185,4.398,0.002
23.89,68.300,0.10202,4.415,0.002
24.00,68.400,0.10219,4.435,0.002
24.07,68.500,0.10235,4.448,0.002
24.14,68.600,0.10248,4.462,0.002
24.20,68.700,0.10264,4.473,0.002
24.32,68.800,0.10281,4.494,0.002
24.39,68.900,0.10302,4.507,0.002
24.50,69.000,0.10318,4.528,0.002
24.60,69.100,0.10335,4.545,0.002
24.72,69.200,0.10356,4.568,0.002
24.77,69.300,0.10377,4.579,0.002
24.89,69.400,0.10397,4.599,0.002
24.99,69.500,0.10418,4.618,0.002
25.11,69.600,0.10439,4.640,0.002
25.18,69.700,0.10460,4.653,0.002
25.30,69.800,0.10485,4.676,0.002
25.43,69.900,0.10505,4.699,0.002
25.49,70.000,0.10526,4.710,0.002
25.58,70.100,0.10547,4.727,0.002
25.65,70.200,0.10568,4.740,0.002
25.74,70.300,0.10589,4.756,0.002
25.82,70.400,0.10609,4.772,0.002
25.90,70.500,0.10626,4.786,0.002
25.97,70.600,0.10647,4.799,0.002
26.05,70.700,0.10663,4.815,0.002
26.10,70.800,0.10680,4.823,0.002
26.19,70.900,0.10697,4.841,0.002
26.23,71.000,0.10713,4.847,0.002
26.31,71.100,0.10726,4.863,0.002
26.32,71.200,0.10742,4.865,0.002
26.40,71.300,0.10759,4.878,0.002
26.46,71.400,0.10771,4.891,0.002
26.53,71.500,0.10788,4.902,0.002
26.58,71.600,0.10801,4.913,0.002
26.63,71.700,0.10813,4.921,0.002
26.68,71.800,0.10830,4.931,0.002
26.71,71.900,0.10842,4.937,0.002
26.76,72.000,0.10855,4.945,0.002
26.80,72.100,0.10867,4.952,0.002
26.91,72.200,0.10879,4.973,0.002
26.92,72.300,0.10896,4.975,0.002
27.03,72.400,0.10909,4.995,0.002
27.03,72.500,0.10921,4.996,0.002
27.12,72.600,0.10938,5.011,0.002
27.15,72.700,0.10950,5.018,0.002
27.19,72.800,0.10963,5.024,0.002
27.26,72.900,0.10979,5.038,0.002
27.30,73.000,0.10996,5.045,0.002
27.34,73.100,0.11008,5.053,0.002
27.42,73.200,0.11025,5.068,0.002
27.49,73.300,0.11042,5.080,0.002
27.51,73.400,0.11054,5.084,0.002
27.59,73.500,0.11071,5.099,0.002
27.66,73.600,0.11087,5.111,0.002
27.75,73.700,0.11104,5.129,0.002
27.80,73.800,0.11120,5.138,0.002
27.83,73.900,0.11137,5.144,0.002
27.93,74.000,0.11154,5.161,0.002
27.98,74.100,0.11166,5.172,0.002
28.06,74.200,0.11183,5.186,0.002
28.13,74.300,0.11199,5.198,0.002
28.16,74.400,0.11216,5.205,0.002
28.24,74.500,0.11237,5.220,0.002
28.32,74.600,0.11253,5.234,0.002
28.38,74.700,0.11274,5.246,0.002
28.44,74.800,0.11291,5.256,0.002
28.53,74.900,0.11312,5.273,0.002
28.61,75.000,0.11332,5.287,0.002
28.68,75.100,0.11353,5.301,0.002
28.77,75.200,0.11374,5.317,0.002
28.86,75.300,0.11395,5.334,0.002
28.95,75.400,0.11416,5.350,0.002
29.02,75.500,0.11440,5.363,0.002
29.10,75.600,0.11461,5.378,0.002
29.17,75.700,0.11482,5.391,0.002
29.25,75.800,0.11503,5.405,0.002
29.33,75.900,0.11524,5.420,0.002
29.38,76.000,0.11544,5.430,0.002
29.44,76.100,0.11561,5.441,0.002
29.51,76.200,0.11582,5.453,0.002
29.56,76.300,0.11598,5.462,0.002
29.57,76.400,0.11615,5.464,0.002
8.55,76.500,0.11636,1.580,0.002
9.64,76.600,0.11652,1.782,0.002
9.88,76.700,0.11665,1.826,0.002
10.02,76.800,0.11681,1.852,0.002
10.13,76.900,0.11698,1.872,0.002
10.22,77.000,0.11715,1.889,0.002
10.34,77.100,0.11727,1.912,0.002
10.41,77.200,0.11744,1.925,0.002
10.47,77.300,0.11756,1.935,0.002
10.59,77.400,0.11769,1.957,0.002
10.62,77.500,0.11785,1.962,0.002
10.68,77.600,0.11798,1.974,0.002
10.73,77.700,0.11810,1.983,0.002
10.80,77.800,0.11823,1.995,0.002
10.86,77.900,0.11839,2.007,0.002
10.89,78.000,0.11852,2.013,0.002
10.95,78.100,0.11864,2.023,0.002
11.02,78.200,0.11881,2.036,0.002
11.07,78.300,0.11893,2.046,0.002
11.12,78.400,0.11910,2.056,0.002
11.20,78.500,0.11923,2.070,0.002
11.23,78.600,0.11939,2.075,0.002
11.29,78.700,0.11952,2.087,0.002
11.35,78.800,0.11968,2.097,0.002
11.42,78.900,0.11985,2.110,0.002
11.45,79.000,0.12001,2.116,0.002
11.52,79.100,0.12014,2.129,0.002
11.55,79.200,0.12031,2.134,0.002
11.61,79.300,0.12047,2.146,0.002
11.67,79.400,0.12064,2.156,0.002
11.70,79.500,0.12080,2.163,0.002
11.76,79.600,0.12093,2.174,0.002
11.76,79.700,0.12110,2.174,0.002
11.85,79.800,0.12126,2.190,0.002
11.90,79.900,0.12143,2.199,0.002
11.97,80.000,0.12159,2.212,0.002
12.01,80.100,0.12180,2.219,0.002
12.07,80.200,0.12197,2.231,0.002
12.13,80.300,0.12213,2.242,0.002
12.19,80.400,0.12234,2.254,0.002
12.20,80.500,0.12251,2.255,0.002
12.30,80.600,0.12272,2.274,0.002
12.35,80.700,0.12292,2.283,0.002
12.44,80.800,0.12313,2.299,0.002
12.46,80.900,0.12334,2.303,0.002
12.52,81.000,0.12355,2.313,0.002
12.55,81.100,0.12380,2.320,0.002
12.65,81.200,0.12400,2.338,0.002
12.70,81.300,0.12421,2.347,0.002
12.72,81.400,0.12442,2.351,0.002
12.78,81.500,0.12463,2.363,0.002
12.84,81.600,0.12479,2.373,0.002
12.89,81.700,0.12500,2.382,0.002
12.94,81.800,0.12521,2.392,0.002
12.98,81.900,0.12538,2.398,0.002
13.04,82.000,0.12554,2.409,0.002
13.08,82.100,0.12575,2.417,0.002
13.12,82.200,0.12587,2.425,0.002
13.16,82.300,0.12604,2.432,0.002
13.17,82.400,0.12621,2.434,0.002
13.23,82.500,0.12637,2.446,0.002
13.27,82.600,0.12654,2.452,0.002
13.34,82.700,0.12666,2.465,0.002
13.33,82.800,0.12683,2.463,0.002
13.39,82.900,0.12695,2.474,0.002
13.35,83.000,0.12712,2.468,0.003
13.46,83.100,0.12725,2.487,0.003
13.43,83.200,0.12737,2.482,0.003
13.50,83.300,0.12754,2.495,0.003
13.50,83.400,0.12766,2.495,0.003
13.54,83.500,0.12779,2.503,0.003
13.57,83.600,0.12791,2.508,0.003
13.61,83.700,0.12808,2.515,0.003
13.63,83.800,0.12820,2.520,0.003
13.68,83.900,0.12833,2.528,0.003
13.67,84.000,0.12849,2.526,0.003
13.75,84.100,0.12862,2.542,0.003
13.79,84.200,0.12878,2.548,0.003
13.78,84.300,0.12891,2.548,0.003
13.87,84.400,0.12907,2.564,0.003
13.88,84.500,0.12924,2.565,0.003
13.92,84.600,0.12936,2.573,0.003
13.94,84.700,0.12953,2.576,0.003
13.95,84.800,0.12970,2.578,0.003
14.01,84.900,0.12982,2.590,0.003
14.07,85.000,0.12999,2.601,0.003
14.07,85.100,0.13015,2.601,0.003
14.13,85.200,0.13032,2.612,0.003
14.16,85.300,0.13049,2.618,0.003
14.16,85.400,0.13065,2.617,0.003
14.24,85.500,0.13082,2.631,0.003
14.28,85.600,0.13099,2.638,0.003
14.32,85.700,0.13115,2.646,0.003
14.33,85.800,0.13132,2.648,0.003
14.36,85.900,0.13153,2.653,0.003
14.47,86.000,0.13169,2.674,0.003
14.47,86.100,0.13190,2.674,0.003
14.51,86.200,0.13211,2.681,0.003
14.55,86.300,0.13232,2.689,0.003
14.60,86.400,0.13248,2.697,0.003
14.67,86.500,0.13269,2.712,0.003
14.69,86.600,0.13294,2.715,0.003
14.75,86.700,0.13315,2.725,0.003
14.79,86.800,0.13335,2.734,0.003
14.86,86.900,0.13356,2.746,0.003
14.90,87.000,0.13381,2.754,0.003
14.88,87.100,0.13402,2.750,0.003
14.99,87.200,0.13423,2.771,0.003
15.00,87.300,0.13443,2.772,0.003
15.05,87.400,0.13460,2.781,0.003
15.11,87.500,0.13481,2.793,0.003
15.12,87.600,0.13497,2.794,0.003
15.16,87.700,0.13514,2.803,0.003
15.19,87.800,0.13531,2.808,0.003
15.22,87.900,0.13547,2.812,0.003
15.24,88.000,0.13564,2.817,0.003
15.28,88.100,0.13581,2.824,0.003
15.33,88.200,0.13593,2.833,0.003
15.32,88.300,0.13610,2.832,0.003
15.39,88.400,0.13622,2.844,0.003
15.41,88.500,0.13639,2.848,0.003
15.40,88.600,0.13651,2.846,0.003
15.47,88.700,0.13664,2.859,0.003
15.48,88.800,0.13680,2.861,0.003
15.50,88.900,0.13693,2.864,0.003
15.55,89.000,0.13705,2.874,0.003
15.58,89.100,0.13718,2.879,0.003
15.58,89.200,0.13730,2.879,0.003
15.64,89.300,0.13747,2.890,0.003
15.64,89.400,0.13759,2.890,0.003
15.68,89.500,0.13772,2.898,0.003
15.68,89.600,0.13788,2.898,0.003
15.73,89.700,0.13801,2.906,0.003
15.78,89.800,0.13817,2.916,0.003
15.80,89.900,0.13834,2.919,0.003
15.84,90.000,0.13847,2.927,0.003
15.86,90.100,0.13863,2.931,0.003
15.88,90.200,0.13880,2.935,0.003
15.92,90.300,0.13892,2.943,0.003
15.94,90.400,0.13909,2.947,0.003
15.99,90.500,0.13926,2.956,0.003
15.99,90.600,0.13942,2.956,0.003
16.08,90.700,0.13959,2.971,0.003
16.06,90.800,0.13971,2.968,0.003
16.14,90.900,0.13988,2.983,0.003
16.15,91.000,0.14004,2.985,0.003
16.19,91.100,0.14021,2.992,0.003
16.21,91.200,0.14038,2.997,0.003
16.25,91.300,0.14054,3.003,0.003
16.33,91.400,0.14071,3.018,0.003
16.35,91.500,0.14092,3.022,0.003
16.39,91.600,0.14108,3.029,0.003
16.43,91.700,0.14129,3.036,0.003
16.48,91.800,0.14150,3.045,0.003
16.50,91.900,0.14171,3.049,0.003
16.57,92.000,0.14191,3.062,0.003
16.62,92.100,0.14212,3.071,0.003
16.65,92.200,0.14233,3.077,0.003
16.72,92.300,0.14254,3.089,0.003
16.74,92.400,0.14279,3.094,0.003
16.78,92.500,0.14300,3.101,0.003
16.83,92.600,0.14320,3.110,0.003
16.87,92.700,0.14345,3.118,0.003
16.92,92.800,0.14362,3.127,0.003
16.92,92.900,0.14383,3.128,0.003
16.99,93.000,0.14403,3.140,0.003
17.01,93.100,0.14424,3.144,0.003
17.02,93.200,0.14441,3.146,0.003
17.04,93.300,0.14457,3.148,0.003
17.07,93.400,0.14474,3.155,0.003
17.13,93.500,0.14495,3.165,0.003
17.16,93.600,0.14507,3.171,0.003
17.18,93.700,0.14524,3.176,0.003
17.20,93.800,0.14541,3.179,0.003
17.20,93.900,0.14553,3.178,0.003
17.24,94.000,0.14570,3.186,0.003
17.31,94.100,0.14582,3.198,0.003
17.34,94.200,0.14599,3.204,0.003
17.30,94.300,0.14611,3.197,0.003
17.36,94.400,0.14624,3.207,0.003
17.35,94.500,0.14636,3.207,0.003
17.38,94.600,0.14653,3.212,0.003
17.42,94.700,0.14665,3.218,0.003
17.45,94.800,0.14678,3.224,0.003
17.49,94.900,0.14694,3.232,0.003
17.49,95.000,0.14707,3.232,0.003
17.52,95.100,0.14723,3.239,0.003
17.54,95.200,0.14736,3.241,0.003
17.57,95.300,0.14752,3.248,0.003
17.59,95.400,0.14765,3.251,0.003
17.63,95.500,0.14782,3.259,0.003
17.65,95.600,0.14798,3.263,0.003
17.69,95.700,0.14811,3.269,0.003
17.73,95.800,0.14827,3.276,0.003
17.75,95.900,0.14844,3.281,0.003
17.79,96.000,0.14861,3.287,0.003
17.82,96.100,0.14873,3.294,0.003
17.84,96.200,0.14890,3.298,0.003
17.86,96.300,0.14906,3.301,0.003
17.89,96.400,0.14923,3.307,0.003
17.93,96.500,0.14939,3.314,0.003
17.98,96.600,0.14956,3.322,0.003
18.00,96.700,0.14973,3.326,0.003
18.03,96.800,0.14985,3.332,0.003
18.07,96.900,0.15006,3.340,0.003
18.10,97.000,0.15023,3.346,0.003
18.15,97.100,0.15039,3.354,0.003
18.16,97.200,0.15056,3.356,0.003
18.24,97.300,0.15077,3.371,0.003
18.23,97.400,0.15093,3.369,0.003
18.29,97.500,0.15114,3.381,0.003
18.32,97.600,0.15135,3.385,0.003
18.41,97.700,0.15156,3.402,0.003
18.42,97.800,0.15180,3.404,0.003
18.50,97.900,0.15201,3.420,0.003
18.54,98.000,0.15222,3.426,0.003
18.54,98.100,0.15243,3.427,0.003
18.61,98.200,0.15264,3.439,0.003
18.64,98.300,0.15284,3.445,0.003
18.67,98.400,0.15305,3.450,0.003
18.71,98.500,0.15326,3.458,0.003
18.77,98.600,0.15347,3.468,0.003
18.77,98.700,0.15363,3.469,0.003
18.79,98.800,0.15384,3.472,0.003
18.84,98.900,0.15401,3.481,0.003
18.81,99.000,0.15417,3.476,0.003
18.92,99.100,0.15434,3.496,0.003
18.86,99.200,0.15451,3.485,0.003
17.74,99.300,0.15467,3.279,0.003
17.79,99.400,0.15480,3.288,0.003
17.90,99.500,0.15496,3.309,0.003
17.94,99.600,0.15509,3.316,0.003
17.98,99.700,0.15525,3.323,0.003
18.03,99.800,0.15538,3.331,0.003
18.10,99.900,0.15550,3.345,0.003
18.14,100.000,0.15567,3.352,0.003
18.14,100.100,0.15579,3.352,0.003
18.20,100.200,0.15592,3.363,0.003
18.19,100.300,0.15609,3.362,0.003
18.28,100.400,0.15621,3.379,0.003
18.33,100.500,0.15633,3.388,0.003
18.31,100.600,0.15650,3.384,0.003
18.35,100.700,0.15663,3.392,0.003
18.40,100.800,0.15675,3.400,0.003
18.42,100.900,0.15692,3.404,0.003
18.49,101.000,0.15704,3.417,0.003
18.50,101.100,0.15721,3.420,0.003
18.56,101.200,0.15733,3.431,0.003
18.60,101.300,0.15750,3.438,0.003
18.62,101.400,0.15766,3.441,0.003
18.67,101.500,0.15779,3.450,0.003
18.68,101.600,0.15796,3.453,0.003
18.73,101.700,0.15812,3.462,0.003
18.75,101.800,0.15829,3.465,0.003
18.80,101.900,0.15845,3.474,0.003
18.79,102.000,0.15862,3.473,0.003
18.84,102.100,0.15874,3.482,0.003
18.88,102.200,0.15891,3.488,0.003
18.91,102.300,0.15908,3.494,0.003
18.93,102.400,0.15924,3.498,0.003
18.98,102.500,0.15941,3.508,0.003
19.02,102.600,0.15958,3.515,0.003
19.03,102.700,0.15974,3.517,0.003
19.06,102.800,0.15991,3.523,0.003
19.08,102.900,0.16012,3.527,0.003
19.13,103.000,0.16028,3.535,0.003
19.18,103.100,0.16049,3.544,0.003
19.21,103.200,0.16070,3.550,0.003
19.21,103.300,0.16091,3.551,0.003
19.25,103.400,0.16111,3.557,0.003
19.31,103.500,0.16136,3.569,0.003
19.34,103.600,0.16157,3.575,0.003
19.40,103.700,0.16178,3.585,0.003
19.39,103.800,0.16199,3.584,0.003
19.48,103.900,0.16219,3.599,0.003
19.44,104.000,0.16240,3.593,0.003
19.54,104.100,0.16261,3.612,0.003
19.53,104.200,0.16282,3.610,0.003
19.57,104.300,0.16303,3.616,0.003
19.59,104.400,0.16319,3.620,0.003
19.59,104.500,0.16340,3.621,0.003
19.60,104.600,0.16357,3.622,0.003
19.61,104.700,0.16373,3.624,0.003
19.64,104.800,0.16390,3.629,0.003
19.65,104.900,0.16406,3.632,0.003
19.61,105.000,0.16419,3.625,0.003
19.67,105.100,0.16435,3.635,0.003
19.68,105.200,0.16448,3.637,0.003
19.70,105.300,0.16465,3.640,0.003
19.74,105.400,0.16477,3.648,0.003
19.78,105.500,0.16490,3.655,0.003
19.76,105.600,0.16506,3.652,0.003
19.75,105.700,0.16519,3.650,0.003
19.80,105.800,0.16531,3.659,0.003
19.80,105.900,0.16544,3.659,0.003
19.81,106.000,0.16560,3.662,0.003
19.84,106.100,0.16573,3.666,0.003
19.85,106.200,0.16585,3.669,0.003
19.89,106.300,0.16598,3.676,0.003
19.90,106.400,0.16614,3.678,0.003
19.90,106.500,0.16627,3.678,0.003
19.91,106.600,0.16643,3.680,0.003
19.97,106.700,0.16656,3.691,0.003
19.96,106.800,0.16672,3.688,0.003
20.04,106.900,0.16685,3.704,0.003
20.04,107.000,0.16701,3.703,0.003
20.06,107.100,0.16718,3.708,0.003
20.10,107.200,0.16735,3.715,0.003
20.13,107.300,0.16747,3.720,0.003
20.12,107.400,0.16764,3.717,0.003
20.16,107.500,0.16780,3.726,0.003
20.19,107.600,0.16797,3.732,0.003
20.21,107.700,0.16809,3.735,0.003
20.28,107.800,0.16826,3.747,0.003
20.27,107.900,0.16843,3.747,0.003
20.30,108.000,0.16859,3.751,0.003
20.34,108.100,0.16876,3.758,0.003
20.38,108.200,0.16893,3.766,0.003
20.39,108.300,0.16909,3.768,0.003
20.45,108.400,0.16926,3.779,0.003
20.42,108.500,0.16947,3.774,0.003
20.51,108.600,0.16967,3.791,0.003
20.53,108.700,0.16984,3.794,0.003
20.60,108.800,0.17005,3.807,0.003
20.61,108.900,0.17026,3.810,0.003
20.66,109.000,0.17046,3.818,0.003
20.68,109.100,0.17067,3.822,0.003
20.72,109.200,0.17088,3.830,0.003
20.74,109.300,0.17109,3.833,0.003
20.79,109.400,0.17134,3.841,0.003
20.84,109.500,0.17154,3.851,0.003
20.88,109.600,0.17175,3.858,0.003
20.94,109.700,0.17196,3.870,0.003
20.95,109.800,0.17213,3.871,0.003
20.95,109.900,0.17233,3.872,0.003
21.00,110.000,0.17254,3.881,0.003
21.02,110.100,0.17271,3.884,0.003
21.07,110.200,0.17292,3.893,0.003
21.09,110.300,0.17308,3.897,0.003
21.09,110.400,0.17321,3.898,0.003
21.15,110.500,0.17337,3.909,0.003
21.10,110.600,0.17354,3.899,0.003
21.18,110.700,0.17370,3.913,0.003
21.19,110.800,0.17387,3.915,0.003
21.24,110.900,0.17400,3.925,0.003
21.24,111.000,0.17416,3.926,0.003
21.27,111.100,0.17429,3.930,0.003
21.27,111.200,0.17441,3.931,0.003
21.33,111.300,0.17458,3.941,0.003
21.33,111.400,0.17470,3.942,0.003
21.35,111.500,0.17483,3.946,0.003
21.41,111.600,0.17495,3.956,0.003
21.38,111.700,0.17508,3.951,0.003
21.43,111.800,0.17524,3.960,0.003
21.45,111.900,0.17537,3.964,0.003
21.47,112.000,0.17549,3.969,0.003
21.51,112.100,0.17566,3.975,0.003
21.49,112.200,0.17578,3.972,0.003
21.54,112.300,0.17595,3.981,0.003
21.53,112.400,0.17607,3.980,0.003
21.60,112.500,0.17624,3.991,0.003
21.63,112.600,0.17641,3.998,0.003
21.65,112.700,0.17653,4.002,0.003
21.69,112.800,0.17670,4.008,0.003
21.75,112.900,0.17686,4.019,0.003
21.75,113.000,0.17703,4.019,0.003
21.79,113.100,0.17720,4.027,0.003
21.81,113.200,0.17732,4.031,0.003
21.87,113.300,0.17749,4.042,0.003
21.89,113.400,0.17765,4.045,0.003
21.92,113.500,0.17782,4.051,0.004
21.94,113.600,0.17799,4.055,0.004
21.98,113.700,0.17815,4.062,0.004
21.99,113.800,0.17832,4.063,0.004
22.02,113.900,0.17848,4.070,0.004
22.06,114.000,0.17865,4.077,0.004
22.11,114.100,0.17886,4.086,0.004
22.16,114.200,0.17902,4.094,0.004
22.15,114.300,0.17923,4.094,0.004
22.23,114.400,0.17940,4.108,0.004
22.28,114.500,0.17961,4.117,0.004
22.29,114.600,0.17981,4.120,0.004
22.33,114.700,0.18002,4.128,0.004
22.37,114.800,0.18027,4.134,0.004
22.40,114.900,0.18048,4.140,0.004
22.47,115.000,0.18069,4.152,0.004
22.50,115.100,0.18089,4.159,0.004
22.53,115.200,0.18110,4.164,0.004
22.59,115.300,0.18135,4.175,0.004
22.60,115.400,0.18152,4.177,0.004
22.62,115.500,0.18173,4.179,0.004
22.68,115.600,0.18193,4.191,0.004
22.72,115.700,0.18210,4.198,0.004
22.75,115.800,0.18231,4.205,0.004
22.78,115.900,0.18247,4.210,0.004
22.81,116.000,0.18264,4.216,0.004
22.84,116.100,0.18281,4.220,0.004
22.84,116.200,0.18297,4.220,0.004
22.88,116.300,0.18314,4.229,0.004
22.90,116.400,0.18326,4.232,0.004
22.93,116.500,0.18343,4.237,0.004
22.95,116.600,0.18360,4.241,0.004
22.97,116.700,0.18372,4.244,0.004
22.99,116.800,0.18384,4.249,0.004
23.03,116.900,0.18401,4.255,0.004
23.05,117.000,0.18414,4.259,0.004
23.04,117.100,0.18426,4.257,0.004
23.09,117.200,0.18438,4.267,0.004
23.11,117.300,0.18455,4.271,0.004
23.15,117.400,0.18468,4.277,0.004
23.15,117.500,0.18480,4.279,0.004
23.19,117.600,0.18497,4.285,0.004
23.22,117.700,0.18509,4.291,0.004
23.24,117.800,0.18522,4.295,0.004
23.25,117.900,0.18538,4.298,0.004
23.29,118.000,0.18551,4.305,0.004
23.33,118.100,0.18567,4.311,0.004
23.34,118.200,0.18580,4.313,0.004
23.38,118.300,0.18596,4.321,0.004
23.39,118.400,0.18609,4.322,0.004
23.45,118.500,0.18625,4.334,0.004
23.44,118.600,0.18642,4.333,0.004
23.51,118.700,0.18659,4.345,0.004
23.53,118.800,0.18671,4.349,0.004
23.57,118.900,0.18688,4.356,0.004
23.57,119.000,0.18704,4.356,0.004
23.60,119.100,0.18721,4.361,0.004
23.59,119.200,0.18738,4.360,0.004
23.69,119.300,0.18750,4.377,0.004
23.70,119.400,0.18767,4.380,0.004
23.75,119.500,0.18783,4.390,0.004
23.77,119.600,0.18800,4.393,0.004
23.81,119.700,0.18817,4.400,0.004
23.85,119.800,0.18837,4.407,0.004
23.88,119.900,0.18854,4.413,0.004
23.93,120.000,0.18875,4.422,0.004
23.97,120.100,0.18896,4.430,0.004
24.03,120.200,0.18916,4.441,0.004
24.08,120.300,0.18937,4.449,0.004
24.11,120.400,0.18958,4.456,0.004
24.18,120.500,0.18983,4.468,0.004
24.21,120.600,0.19004,4.474,0.004
24.26,120.700,0.19029,4.484,0.004
24.31,120.800,0.19049,4.492,0.004
24.33,120.900,0.19070,4.496,0.004
24.37,121.000,0.19091,4.504,0.004
24.44,121.100,0.19112,4.517,0.004
24.46,121.200,0.19128,4.520,0.004
24.50,121.300,0.19149,4.529,0.004
24.49,121.400,0.19166,4.527,0.004
24.53,121.500,0.19182,4.533,0.004
24.58,121.600,0.19199,4.543,0.004
24.63,121.700,0.19216,4.552,0.004
24.62,121.800,0.19232,4.550,0.004
24.62,121.900,0.19249,4.550,0.004
24.65,122.000,0.19261,4.556,0.004
24.69,122.100,0.19278,4.563,0.004
24.70,122.200,0.19290,4.565,0.004
24.72,122.300,0.19307,4.568,0.004
24.79,122.400,0.19319,4.581,0.004
24.79,122.500,0.19332,4.581,0.004
24.80,122.600,0.19349,4.583,0.004
24.83,122.700,0.19361,4.589,0.004
24.85,122.800,0.19373,4.593,0.004
24.85,122.900,0.19386,4.592,0.004
24.90,123.000,0.19398,4.603,0.004
24.96,123.100,0.19415,4.613,0.004
24.94,123.200,0.19428,4.609,0.004
24.97,123.300,0.19444,4.615,0.004
25.01,123.400,0.19457,4.622,0.004
25.06,123.500,0.19469,4.632,0.004
25.10,123.600,0.19486,4.638,0.004
25.13,123.700,0.19498,4.644,0.004
25.16,123.800,0.19515,4.650,0.004
25.18,123.900,0.19531,4.654,0.004
25.22,124.000,0.19544,4.660,0.004
25.24,124.100,0.19560,4.665,0.004
25.29,124.200,0.19577,4.674,0.004
25.34,124.300,0.19590,4.682,0.004
25.36,124.400,0.19606,4.687,0.004
25.37,124.500,0.19623,4.689,0.004
25.40,124.600,0.19635,4.694,0.004
25.46,124.700,0.19652,4.705,0.004
25.48,124.800,0.19669,4.708,0.004
25.48,124.900,0.19685,4.709,0.004
25.55,125.000,0.19702,4.722,0.004
25.56,125.100,0.19718,4.724,0.004
25.60,125.200,0.19735,4.732,0.004
25.62,125.300,0.19752,4.735,0.004
25.66,125.400,0.19768,4.743,0.004
25.70,125.500,0.19789,4.750,0.004
25.75,125.600,0.19806,4.759,0.004
25.81,125.700,0.19826,4.770,0.004
25.83,125.800,0.19843,4.774,0.004
25.89,125.900,0.19864,4.785,0.004
25.95,126.000,0.19885,4.795,0.004
25.99,126.100,0.19905,4.802,0.004
26.01,126.200,0.19930,4.808,0.004
26.06,126.300,0.19951,4.816,0.004
26.11,126.400,0.19972,4.825,0.004
26.14,126.500,0.19993,4.830,0.004
26.22,126.600,0.20013,4.845,0.004
26.26,126.700,0.20034,4.852,0.004
26.25,126.800,0.20055,4.851,0.004
26.28,126.900,0.20072,4.857,0.004
26.31,127.000,0.20092,4.862,0.004
26.33,127.100,0.20109,4.866,0.004
26.37,127.200,0.20126,4.874,0.004
26.44,127.300,0.20142,4.887,0.004
26.47,127.400,0.20159,4.891,0.004
26.49,127.500,0.20176,4.896,0.004
26.49,127.600,0.20192,4.895,0.004
26.52,127.700,0.20205,4.901,0.004
26.57,127.800,0.20221,4.910,0.004
26.61,127.900,0.20234,4.918,0.004
26.57,128.000,0.20250,4.910,0.004
26.61,128.100,0.20263,4.917,0.004
26.63,128.200,0.20279,4.921,0.004
26.69,128.300,0.20292,4.932,0.004
26.71,128.400,0.20304,4.936,0.004
26.73,128.500,0.20321,4.939,0.004
26.75,128.600,0.20333,4.943,0.004
26.76,128.700,0.20346,4.946,0.004
26.84,128.800,0.20358,4.961,0.004
26.85,128.900,0.20375,4.962,0.004
26.83,129.000,0.20387,4.959,0.004
26.89,129.100,0.20400,4.970,0.004
26.98,129.200,0.20417,4.986,0.004
26.98,129.300,0.20429,4.985,0.004
26.99,129.400,0.20446,4.988,0.004
27.05,129.500,0.20458,4.998,0.004
27.05,129.600,0.20475,4.999,0.004
27.10,129.700,0.20491,5.009,0.004
27.12,129.800,0.20504,5.012,0.004
27.14,129.900,0.20520,5.016,0.004
27.17,130.000,0.20537,5.022,0.004
27.27,130.100,0.20550,5.040,0.004
27.25,130.200,0.20566,5.036,0.004
27.31,130.300,0.20583,5.047,0.004
27.31,130.400,0.20599,5.048,0.004
27.37,130.500,0.20616,5.059,0.004
27.38,130.600,0.20628,5.059,0.004
27.44,130.700,0.20645,5.071,0.004
27.46,130.800,0.20662,5.075,0.004
27.50,130.900,0.20678,5.082,0.004
27.53,131.000,0.20695,5.089,0.004
27.57,131.100,0.20712,5.095,0.004
27.61,131.200,0.20732,5.103,0.004
27.67,131.300,0.20749,5.114,0.004
27.70,131.400,0.20770,5.120,0.004
27.74,131.500,0.20786,5.127,0.004
27.79,131.600,0.20807,5.136,0.004
27.85,131.700,0.20828,5.147,0.004
27.90,131.800,0.20849,5.157,0.004
27.94,131.900,0.20869,5.164,0.004
27.97,132.000,0.20890,5.169,0.004
28.00,132.100,0.20911,5.174,0.004
28.06,132.200,0.20932,5.185,0.004
28.09,132.300,0.20953,5.192,0.004
28.15,132.400,0.20973,5.202,0.004
28.18,132.500,0.20990,5.209,0.004
28.24,132.600,0.21011,5.219,0.004
28.26,132.700,0.21027,5.222,0.004
28.29,132.800,0.21048,5.228,0.004
28.33,132.900,0.21065,5.236,0.004
28.39,133.000,0.21081,5.246,0.004
28.39,133.100,0.21098,5.247,0.004
28.42,133.200,0.21115,5.253,0.004
28.46,133.300,0.21131,5.259,0.004
28.48,133.400,0.21148,5.262,0.004
28.53,133.500,0.21160,5.272,0.004
28.51,133.600,0.21177,5.268,0.004
28.55,133.700,0.21189,5.275,0.004
28.58,133.800,0.21206,5.281,0.004
28.59,133.900,0.21219,5.283,0.004
28.62,134.000,0.21231,5.289,0.004
28.66,134.100,0.21248,5.296,0.004
28.68,134.200,0.21260,5.301,0.004
28.70,134.300,0.21273,5.304,0.004
28.72,134.400,0.21285,5.308,0.004
28.76,134.500,0.21298,5.315,0.004
28.80,134.600,0.21314,5.323,0.004
28.84,134.700,0.21327,5.330,0.004
28.86,134.800,0.21339,5.334,0.004
28.91,134.900,0.21356,5.342,0.004
28.88,135.000,0.21368,5.336,0.004
28.97,135.100,0.21381,5.354,0.004
29.02,135.200,0.21397,5.363,0.004
29.02,135.300,0.21410,5.363,0.004
29.07,135.400,0.21426,5.372,0.004
29.05,135.500,0.21443,5.369,0.004
29.13,135.600,0.21455,5.384,0.004
29.19,135.700,0.21472,5.394,0.004
29.17,135.800,0.21485,5.390,0.004
29.24,135.900,0.21501,5.403,0.004
29.24,136.000,0.21518,5.403,0.004
29.30,136.100,0.21530,5.415,0.004
29.33,136.200,0.21547,5.420,0.004
29.36,136.300,0.21563,5.427,0.004
29.39,136.400,0.21580,5.431,0.004
29.44,136.500,0.21593,5.441,0.004
29.46,136.600,0.21609,5.445,0.004
29.50,136.700,0.21626,5.452,0.004
29.54,136.800,0.21642,5.460,0.004
29.58,136.900,0.21659,5.467,0.004
29.62,137.000,0.21680,5.474,0.004
29.67,137.100,0.21696,5.483,0.004
29.70,137.200,0.21717,5.489,0.004
29.75,137.300,0.21738,5.498,0.004
29.82,137.400,0.21759,5.510,0.004
29.87,137.500,0.21780,5.520,0.004
29.92,137.600,0.21800,5.530,0.004
29.94,137.700,0.21821,5.532,0.004
29.97,137.800,0.21842,5.539,0.004
30.02,137.900,0.21863,5.549,0.004
30.04,138.000,0.21883,5.551,0.004
30.07,138.100,0.21904,5.557,0.004
30.13,138.200,0.21925,5.569,0.004
30.22,138.300,0.21946,5.585,0.004
30.21,138.400,0.21967,5.583,0.004
30.25,138.500,0.21983,5.591,0.004
30.33,138.600,0.22004,5.606,0.004
30.29,138.700,0.22021,5.598,0.004
30.37,138.800,0.22037,5.612,0.004
30.40,138.900,0.22054,5.618,0.004
30.37,139.000,0.22070,5.612,0.004
30.44,139.100,0.22087,5.626,0.004
30.47,139.200,0.22100,5.631,0.004
30.49,139.300,0.22116,5.634,0.004
30.48,139.400,0.22129,5.633,0.004
30.51,139.500,0.22141,5.639,0.004
30.55,139.600,0.22158,5.646,0.004
30.59,139.700,0.22170,5.653,0.004
30.59,139.800,0.22183,5.653,0.004
30.61,139.900,0.22195,5.657,0.004
30.66,140.000,0.22212,5.667,0.004
30.68,140.100,0.22224,5.671,0.004
30.67,140.200,0.22237,5.668,0.004
30.72,140.300,0.22249,5.677,0.004
30.71,140.400,0.22262,5.675,0.004
30.78,140.500,0.22278,5.689,0.004
30.80,140.600,0.22291,5.692,0.004
30.84,140.700,0.22307,5.699,0.004
30.84,140.800,0.22320,5.700,0.004
30.92,140.900,0.22336,5.715,0.004
30.92,141.000,0.22349,5.714,0.004
30.97,141.100,0.22366,5.724,0.004
31.00,141.200,0.22382,5.729,0.004
31.00,141.300,0.22395,5.729,0.004
31.08,141.400,0.22411,5.744,0.004
31.11,141.500,0.22428,5.749,0.004
31.13,141.600,0.22440,5.753,0.004
31.16,141.700,0.22457,5.759,0.004
31.18,141.800,0.22474,5.762,0.004
31.23,141.900,0.22490,5.772,0.004
31.27,142.000,0.22507,5.779,0.004
31.32,142.100,0.22523,5.789,0.004
31.32,142.200,0.22536,5.788,0.004
31.38,142.300,0.22553,5.799,0.004
31.40,142.400,0.22573,5.803,0.004
31.47,142.500,0.22590,5.816,0.004
31.49,142.600,0.22607,5.819,0.004
31.52,142.700,0.22627,5.826,0.004
31.58,142.800,0.22644,5.836,0.004
31.63,142.900,0.22665,5.845,0.004
31.69,143.000,0.22681,5.856,0.004
31.75,143.100,0.22702,5.867,0.004
31.75,143.200,0.22727,5.867,0.004
31.81,143.300,0.22748,5.879,0.004
31.85,143.400,0.22769,5.886,0.004
31.92,143.500,0.22789,5.899,0.004
31.96,143.600,0.22810,5.907,0.004
31.99,143.700,0.22831,5.912,0.004
32.01,143.800,0.22852,5.916,0.004
32.05,143.900,0.22872,5.923,0.005
32.11,144.000,0.22893,5.934,0.005
32.11,144.100,0.22914,5.934,0.005
32.19,144.200,0.22935,5.950,0.005
32.23,144.300,0.22951,5.957,0.005
32.22,144.400,0.22968,5.954,0.005
32.21,144.500,0.22985,5.953,0.005
32.23,144.600,0.23001,5.956,0.005
32.26,144.700,0.23018,5.961,0.005
32.28,144.800,0.23035,5.966,0.005
32.31,144.900,0.23047,5.972,0.005
32.33,145.000,0.23064,5.974,0.005
32.34,145.100,0.23080,5.976,0.005
32.38,145.200,0.23093,5.984,0.005
32.40,145.300,0.23105,5.988,0.005
32.43,145.400,0.23122,5.994,0.005
32.43,145.500,0.23134,5.994,0.005
32.47,145.600,0.23147,6.000,0.005
32.49,145.700,0.23159,6.004,0.005
32.52,145.800,0.23176,6.009,0.005
32.51,145.900,0.23188,6.009,0.005
32.57,146.000,0.23201,6.019,0.005
32.55,146.100,0.23217,6.015,0.005
32.63,146.200,0.23230,6.031,0.005
32.64,146.300,0.23242,6.031,0.005
32.67,146.400,0.23259,6.037,0.005
32.71,146.500,0.23276,6.045,0.005
32.70,146.600,0.23288,6.044,0.005
32.75,146.700,0.23305,6.053,0.005
32.78,146.800,0.23317,6.058,0.005
32.82,146.900,0.23334,6.065,0.005
32.86,147.000,0.23350,6.073,0.005
32.89,147.100,0.23367,6.078,0.005
32.88,147.200,0.23384,6.077,0.005
32.93,147.300,0.23396,6.085,0.005
32.97,147.400,0.23413,6.092,0.005
33.00,147.500,0.23429,6.098,0.005
33.04,147.600,0.23446,6.107,0.005
33.08,147.700,0.23463,6.113,0.005
33.09,147.800,0.23479,6.115,0.005
33.12,147.900,0.23496,6.121,0.005
33.18,148.000,0.23512,6.132,0.005
33.23,148.100,0.23529,6.140,0.005
33.24,148.200,0.23546,6.143,0.005
33.30,148.300,0.23566,6.154,0.005
33.29,148.400,0.23583,6.153,0.005
33.33,148.500,0.23604,6.160,0.005
33.40,148.600,0.23620,6.173,0.005
33.43,148.700,0.23641,6.179,0.005
33.47,148.800,0.23662,6.186,0.005
33.53,148.900,0.23683,6.197,0.005
33.58,149.000,0.23708,6.206,0.005
33.62,149.100,0.23729,6.214,0.005
33.70,149.200,0.23749,6.227,0.005
33.69,149.300,0.23770,6.226,0.005
33.73,149.400,0.23791,6.234,0.005
33.74,149.500,0.23812,6.235,0.005
33.81,149.600,0.23828,6.249,0.005
33.84,149.700,0.23849,6.253,0.005
33.90,149.800,0.23870,6.265,0.005
33.88,149.900,0.23886,6.260,0.005
33.91,150.000,0.23903,6.267,0.005
33.93,150.100,0.23924,6.270,0.005
33.98,150.200,0.23940,6.279,0.005
33.98,150.300,0.23953,6.280,0.005
34.02,150.400,0.23970,6.287,0.005
34.04,150.500,0.23986,6.290,0.005
34.07,150.600,0.24003,6.297,0.005
34.10,150.700,0.24015,6.303,0.005
34.11,150.800,0.24032,6.303,0.005
34.13,150.900,0.24044,6.307,0.005
34.20,151.000,0.24061,6.320,0.005
34.17,151.100,0.24073,6.315,0.005
34.22,151.200,0.24086,6.323,0.005
34.21,151.300,0.24103,6.322,0.005
34.23,151.400,0.24115,6.326,0.005
34.27,151.500,0.24127,6.333,0.005
34.27,151.600,0.24144,6.333,0.005
34.31,151.700,0.24157,6.342,0.005
34.33,151.800,0.24169,6.344,0.005
34.36,151.900,0.24186,6.350,0.005
34.40,152.000,0.24198,6.358,0.005
34.43,152.100,0.24211,6.363,0.005
34.46,152.200,0.24227,6.368,0.005
34.49,152.300,0.24244,6.373,0.005
34.53,152.400,0.24256,6.382,0.005
34.57,152.500,0.24273,6.388,0.005
34.60,152.600,0.24285,6.394,0.005
34.61,152.700,0.24302,6.397,0.005
34.65,152.800,0.24319,6.404,0.005
34.68,152.900,0.24331,6.409,0.005
34.67,153.000,0.24348,6.407,0.005
34.74,153.100,0.24364,6.421,0.005
34.78,153.200,0.24381,6.427,0.005
34.81,153.300,0.24393,6.433,0.005
34.84,153.400,0.24410,6.438,0.005
34.89,153.500,0.24427,6.448,0.005
34.91,153.600,0.24443,6.452,0.005
34.92,153.700,0.24460,6.454,0.005
34.97,153.800,0.24477,6.464,0.005
35.00,153.900,0.24493,6.468,0.005
35.06,154.000,0.24510,6.479,0.005
35.12,154.100,0.24531,6.491,0.005
35.14,154.200,0.24551,6.495,0.005
35.18,154.300,0.24568,6.502,0.005
35.26,154.400,0.24589,6.515,0.005
35.30,154.500,0.24610,6.524,0.005
35.33,154.600,0.24634,6.528,0.005
35.37,154.700,0.24655,6.536,0.005
35.40,154.800,0.24676,6.542,0.005
35.24,154.900,0.24697,6.513,0.005
9.08,155.000,0.24718,1.679,0.005
10.03,155.100,0.24738,1.854,0.005
10.39,155.200,0.24759,1.919,0.005
10.50,155.300,0.24780,1.941,0.005
10.64,155.400,0.24797,1.967,0.005
10.72,155.500,0.24817,1.981,0.005
10.89,155.600,0.24838,2.012,0.005
11.00,155.700,0.24855,2.033,0.005
11.09,155.800,0.24871,2.049,0.005
11.16,155.900,0.24888,2.063,0.005
11.23,156.000,0.24905,2.076,0.005
11.30,156.100,0.24921,2.089,0.005
11.36,156.200,0.24934,2.099,0.005
11.41,156.300,0.24950,2.108,0.005
11.46,156.400,0.24963,2.117,0.005
11.51,156.500,0.24979,2.127,0.005
11.52,156.600,0.24992,2.130,0.005
11.60,156.700,0.25004,2.143,0.005
11.65,156.800,0.25021,2.154,0.005
11.69,156.900,0.25033,2.161,0.005
11.72,157.000,0.25046,2.166,0.005
11.75,157.100,0.25058,2.171,0.005
11.75,157.200,0.25071,2.172,0.005
11.79,157.300,0.25083,2.180,0.005
11.84,157.400,0.25100,2.187,0.005
11.88,157.500,0.25112,2.195,0.005
11.91,157.600,0.25125,2.202,0.005
11.95,157.700,0.25141,2.208,0.005
11.97,157.800,0.25154,2.212,0.005
12.00,157.900,0.25171,2.218,0.005
12.04,158.000,0.25183,2.225,0.005
12.08,158.100,0.25200,2.232,0.005
12.11,158.200,0.25212,2.238,0.005
12.15,158.300,0.25229,2.245,0.005
12.15,158.300,0.25229,2.245,0.005


