""
"Test Method","Will_Huddleston_Disks.msm"
"Sample I. D.","600-5-50B.mss"
"Specimen Number","1"

"Load (N)","Time (s)","Extension (mm)","Stress (MPa)","Strain (mm/mm)"

2.88,0.200,-0.26216,0.283,-0.005
2.86,0.300,-0.26216,0.281,-0.005
2.88,0.400,-0.26216,0.283,-0.005
2.87,0.500,-0.26216,0.281,-0.005
2.88,0.600,-0.26212,0.282,-0.005
2.86,0.700,-0.26212,0.280,-0.005
2.86,0.800,-0.26212,0.281,-0.005
2.87,0.900,-0.26208,0.281,-0.005
2.86,1.000,-0.26208,0.281,-0.005
2.85,1.100,-0.26208,0.280,-0.005
2.87,1.200,-0.26204,0.281,-0.005
2.88,1.300,-0.26204,0.282,-0.005
2.85,1.400,-0.26204,0.280,-0.005
2.87,1.500,-0.26200,0.281,-0.005
2.84,1.600,-0.26200,0.279,-0.005
2.85,1.700,-0.26200,0.280,-0.005
2.87,1.800,-0.26196,0.282,-0.005
2.86,1.900,-0.26196,0.281,-0.005
2.88,2.000,-0.26191,0.282,-0.005
2.88,2.100,-0.26187,0.283,-0.005
2.90,2.200,-0.26183,0.284,-0.005
2.97,2.300,-0.26171,0.291,-0.005
3.04,2.400,-0.26158,0.299,-0.005
3.14,2.500,-0.26142,0.308,-0.005
3.24,2.600,-0.26129,0.317,-0.005
3.30,2.700,-0.26117,0.323,-0.005
3.34,2.800,-0.26100,0.328,-0.005
3.39,2.900,-0.26087,0.332,-0.005
3.43,3.000,-0.26071,0.336,-0.005
3.48,3.100,-0.26058,0.342,-0.005
3.53,3.200,-0.26042,0.346,-0.005
3.56,3.300,-0.26029,0.349,-0.005
3.60,3.400,-0.26013,0.353,-0.005
3.62,3.500,-0.25996,0.355,-0.005
3.65,3.600,-0.25984,0.358,-0.005
3.71,3.700,-0.25967,0.364,-0.005
3.75,3.800,-0.25950,0.368,-0.005
3.78,3.900,-0.25934,0.371,-0.005
3.80,4.000,-0.25913,0.373,-0.005
3.87,4.100,-0.25896,0.379,-0.005
3.91,4.200,-0.25880,0.383,-0.005
3.96,4.300,-0.25859,0.388,-0.005
3.98,4.400,-0.25838,0.391,-0.005
4.05,4.500,-0.25817,0.397,-0.005
4.08,4.600,-0.25797,0.400,-0.005
4.11,4.700,-0.25776,0.403,-0.005
4.17,4.800,-0.25755,0.409,-0.005
4.19,4.900,-0.25734,0.411,-0.005
4.25,5.000,-0.25713,0.417,-0.005
4.27,5.100,-0.25697,0.419,-0.005
4.29,5.200,-0.25676,0.421,-0.005
4.34,5.300,-0.25655,0.425,-0.005
4.38,5.400,-0.25639,0.429,-0.005
4.40,5.500,-0.25618,0.432,-0.005
4.44,5.600,-0.25601,0.435,-0.005
4.47,5.700,-0.25585,0.438,-0.005
4.48,5.800,-0.25568,0.440,-0.005
4.54,5.900,-0.25551,0.445,-0.005
4.54,6.000,-0.25535,0.446,-0.005
4.58,6.100,-0.25518,0.449,-0.005
4.60,6.200,-0.25506,0.451,-0.005
4.62,6.300,-0.25489,0.453,-0.005
4.62,6.400,-0.25477,0.453,-0.005
4.65,6.500,-0.25460,0.456,-0.005
4.67,6.600,-0.25448,0.458,-0.005
4.68,6.700,-0.25431,0.459,-0.005
4.70,6.800,-0.25418,0.461,-0.005
4.73,6.900,-0.25406,0.464,-0.005
4.76,7.000,-0.25394,0.467,-0.005
4.78,7.100,-0.25377,0.468,-0.005
4.80,7.200,-0.25364,0.470,-0.005
4.84,7.300,-0.25352,0.474,-0.005
4.82,7.400,-0.25339,0.473,-0.005
4.86,7.500,-0.25323,0.477,-0.005
4.88,7.600,-0.25310,0.479,-0.005
4.89,7.700,-0.25298,0.480,-0.005
4.94,7.800,-0.25281,0.484,-0.005
4.93,7.900,-0.25269,0.483,-0.005
4.97,8.000,-0.25252,0.487,-0.005
4.98,8.100,-0.25240,0.488,-0.005
4.99,8.200,-0.25223,0.489,-0.005
5.00,8.300,-0.25211,0.490,-0.005
5.01,8.400,-0.25194,0.492,-0.005
5.03,8.500,-0.25182,0.494,-0.005
5.07,8.600,-0.25165,0.497,-0.005
5.10,8.700,-0.25148,0.500,-0.005
5.09,8.800,-0.25136,0.499,-0.005
5.10,8.900,-0.25119,0.501,-0.005
5.11,9.000,-0.25103,0.502,-0.005
5.14,9.100,-0.25086,0.504,-0.005
5.14,9.200,-0.25074,0.504,-0.005
5.15,9.300,-0.25057,0.505,-0.005
5.17,9.400,-0.25040,0.507,-0.005
5.17,9.500,-0.25024,0.507,-0.005
5.20,9.600,-0.25007,0.510,-0.005
5.22,9.700,-0.24986,0.512,-0.005
5.23,9.800,-0.24970,0.513,-0.005
5.27,9.900,-0.24949,0.517,-0.005
5.30,10.000,-0.24928,0.520,-0.005
5.30,10.100,-0.24911,0.520,-0.005
5.35,10.200,-0.24887,0.524,-0.005
5.36,10.300,-0.24866,0.526,-0.005
5.36,10.400,-0.24845,0.526,-0.005
5.40,10.500,-0.24820,0.530,-0.005
5.42,10.600,-0.24799,0.532,-0.005
5.45,10.700,-0.24778,0.534,-0.005
5.47,10.800,-0.24758,0.537,-0.005
5.50,10.900,-0.24737,0.539,-0.005
5.51,11.000,-0.24716,0.540,-0.005
5.53,11.100,-0.24695,0.543,-0.005
5.57,11.200,-0.24675,0.546,-0.005
5.58,11.300,-0.24658,0.547,-0.005
5.60,11.400,-0.24641,0.550,-0.005
5.61,11.500,-0.24621,0.550,-0.005
5.62,11.600,-0.24604,0.551,-0.005
5.66,11.700,-0.24587,0.556,-0.005
5.68,11.800,-0.24575,0.557,-0.005
5.71,11.900,-0.24558,0.560,-0.005
5.71,12.000,-0.24542,0.560,-0.005
5.74,12.100,-0.24529,0.563,-0.005
5.74,12.200,-0.24517,0.563,-0.005
5.76,12.300,-0.24500,0.565,-0.005
5.78,12.400,-0.24488,0.567,-0.005
5.80,12.500,-0.24475,0.569,-0.005
5.82,12.600,-0.24459,0.571,-0.005
5.82,12.700,-0.24446,0.571,-0.005
5.85,12.800,-0.24434,0.574,-0.005
5.87,12.900,-0.24421,0.576,-0.005
5.89,13.000,-0.24404,0.577,-0.005
5.91,13.100,-0.24392,0.579,-0.005
5.93,13.200,-0.24380,0.581,-0.005
5.95,13.300,-0.24363,0.584,-0.005
5.97,13.400,-0.24350,0.585,-0.005
5.98,13.500,-0.24334,0.586,-0.005
6.00,13.600,-0.24317,0.588,-0.005
6.03,13.700,-0.24305,0.592,-0.005
6.03,13.800,-0.24288,0.591,-0.005
6.05,13.900,-0.24276,0.594,-0.005
6.08,14.000,-0.24259,0.596,-0.005
6.11,14.100,-0.24242,0.599,-0.005
6.10,14.200,-0.24230,0.598,-0.005
6.11,14.300,-0.24213,0.599,-0.005
6.13,14.400,-0.24197,0.602,-0.005
6.14,14.500,-0.24180,0.603,-0.005
6.16,14.600,-0.24163,0.604,-0.005
6.17,14.700,-0.24147,0.605,-0.005
6.20,14.800,-0.24134,0.608,-0.005
6.22,14.900,-0.24118,0.610,-0.005
6.22,15.000,-0.24101,0.610,-0.005
6.24,15.100,-0.24085,0.612,-0.005
6.27,15.200,-0.24064,0.615,-0.005
6.30,15.300,-0.24047,0.618,-0.005
6.30,15.400,-0.24030,0.618,-0.005
6.31,15.500,-0.24010,0.619,-0.005
6.34,15.600,-0.23993,0.621,-0.005
6.36,15.700,-0.23972,0.623,-0.005
6.38,15.800,-0.23952,0.626,-0.005
6.43,15.900,-0.23931,0.630,-0.005
6.44,16.000,-0.23906,0.632,-0.005
6.47,16.100,-0.23885,0.634,-0.005
6.50,16.200,-0.23864,0.637,-0.005
6.53,16.300,-0.23843,0.640,-0.005
6.55,16.400,-0.23823,0.642,-0.005
6.59,16.500,-0.23802,0.647,-0.005
6.62,16.600,-0.23781,0.649,-0.005
6.64,16.700,-0.23760,0.651,-0.005
6.66,16.800,-0.23740,0.653,-0.005
6.68,16.900,-0.23723,0.655,-0.005
6.71,17.000,-0.23702,0.658,-0.005
6.72,17.100,-0.23686,0.659,-0.005
6.73,17.200,-0.23669,0.660,-0.005
6.77,17.300,-0.23652,0.663,-0.005
6.77,17.400,-0.23636,0.664,-0.005
6.80,17.500,-0.23619,0.667,-0.005
6.83,17.600,-0.23607,0.670,-0.005
6.85,17.700,-0.23590,0.671,-0.005
6.85,17.800,-0.23573,0.671,-0.005
6.85,17.900,-0.23561,0.672,-0.005
6.90,18.000,-0.23544,0.676,-0.005
6.89,18.100,-0.23532,0.676,-0.005
6.90,18.200,-0.23519,0.677,-0.005
6.92,18.300,-0.23503,0.679,-0.005
6.95,18.400,-0.23490,0.682,-0.005
6.97,18.500,-0.23478,0.684,-0.005
6.99,18.600,-0.23461,0.685,-0.005
6.98,18.700,-0.23449,0.685,-0.005
7.04,18.800,-0.23432,0.690,-0.005
7.03,18.900,-0.23420,0.690,-0.005
7.06,19.000,-0.23407,0.692,-0.005
7.07,19.100,-0.23391,0.694,-0.005
7.12,19.200,-0.23374,0.698,-0.005
7.12,19.300,-0.23357,0.698,-0.005
7.15,19.400,-0.23345,0.701,-0.005
7.15,19.500,-0.23328,0.701,-0.005
7.18,19.600,-0.23312,0.704,-0.005
7.20,19.700,-0.23299,0.707,-0.005
7.22,19.800,-0.23282,0.708,-0.005
7.25,19.900,-0.23266,0.711,-0.005
7.27,20.000,-0.23249,0.713,-0.005
7.27,20.100,-0.23237,0.713,-0.005
7.29,20.200,-0.23220,0.715,-0.005
7.31,20.300,-0.23204,0.717,-0.005
7.32,20.400,-0.23187,0.718,-0.005
7.33,20.500,-0.23170,0.719,-0.005
7.37,20.600,-0.23158,0.723,-0.005
7.40,20.700,-0.23137,0.726,-0.005
7.41,20.800,-0.23120,0.727,-0.005
7.43,20.900,-0.23104,0.729,-0.005
7.46,21.000,-0.23087,0.731,-0.005
7.50,21.100,-0.23066,0.735,-0.005
7.50,21.200,-0.23046,0.736,-0.005
7.55,21.300,-0.23029,0.741,-0.005
7.58,21.400,-0.23008,0.743,-0.005
7.60,21.500,-0.22987,0.745,-0.005
7.63,21.600,-0.22967,0.748,-0.005
7.65,21.700,-0.22942,0.750,-0.005
7.69,21.800,-0.22921,0.754,-0.005
7.70,21.900,-0.22900,0.755,-0.005
7.74,22.000,-0.22879,0.759,-0.005
7.76,22.100,-0.22859,0.761,-0.004
7.80,22.200,-0.22838,0.765,-0.004
7.83,22.300,-0.22821,0.767,-0.004
7.85,22.400,-0.22800,0.769,-0.004
7.87,22.500,-0.22780,0.772,-0.004
7.90,22.600,-0.22763,0.774,-0.004
7.92,22.700,-0.22742,0.777,-0.004
7.94,22.800,-0.22726,0.778,-0.004
7.96,22.900,-0.22709,0.781,-0.004
7.98,23.000,-0.22692,0.783,-0.004
7.99,23.100,-0.22680,0.784,-0.004
8.02,23.200,-0.22663,0.786,-0.004
8.04,23.300,-0.22647,0.789,-0.004
8.04,23.400,-0.22634,0.788,-0.004
8.06,23.500,-0.22618,0.790,-0.004
8.08,23.600,-0.22605,0.792,-0.004
8.09,23.700,-0.22593,0.794,-0.004
8.12,23.800,-0.22576,0.797,-0.004
8.13,23.900,-0.22564,0.797,-0.004
8.16,24.000,-0.22551,0.800,-0.004
8.16,24.100,-0.22534,0.800,-0.004
8.18,24.200,-0.22522,0.802,-0.004
8.21,24.300,-0.22510,0.805,-0.004
8.23,24.400,-0.22497,0.807,-0.004
8.24,24.500,-0.22480,0.808,-0.004
8.26,24.600,-0.22468,0.810,-0.004
8.29,24.700,-0.22451,0.813,-0.004
8.30,24.800,-0.22439,0.814,-0.004
8.33,24.900,-0.22422,0.817,-0.004
8.34,25.000,-0.22410,0.818,-0.004
8.38,25.100,-0.22393,0.822,-0.004
8.40,25.200,-0.22377,0.824,-0.004
8.42,25.300,-0.22364,0.826,-0.004
8.44,25.400,-0.22347,0.828,-0.004
8.46,25.500,-0.22331,0.829,-0.004
8.48,25.600,-0.22314,0.832,-0.004
8.49,25.700,-0.22302,0.833,-0.004
8.53,25.800,-0.22285,0.837,-0.004
8.54,25.900,-0.22269,0.838,-0.004
8.57,26.000,-0.22252,0.841,-0.004
8.59,26.100,-0.22239,0.843,-0.004
8.63,26.200,-0.22223,0.846,-0.004
8.65,26.300,-0.22206,0.848,-0.004
8.67,26.400,-0.22190,0.850,-0.004
8.70,26.500,-0.22173,0.853,-0.004
8.72,26.600,-0.22156,0.855,-0.004
8.76,26.700,-0.22136,0.859,-0.004
8.79,26.800,-0.22119,0.862,-0.004
8.83,26.900,-0.22098,0.866,-0.004
8.86,27.000,-0.22077,0.869,-0.004
8.90,27.100,-0.22057,0.872,-0.004
8.92,27.200,-0.22036,0.875,-0.004
8.96,27.300,-0.22015,0.879,-0.004
8.99,27.400,-0.21990,0.882,-0.004
9.02,27.500,-0.21969,0.884,-0.004
9.06,27.600,-0.21949,0.889,-0.004
9.10,27.700,-0.21928,0.893,-0.004
9.11,27.800,-0.21907,0.894,-0.004
9.15,27.900,-0.21886,0.897,-0.004
9.20,28.000,-0.21865,0.902,-0.004
9.19,28.100,-0.21849,0.902,-0.004
9.24,28.200,-0.21828,0.906,-0.004
9.25,28.300,-0.21811,0.907,-0.004
9.26,28.400,-0.21795,0.908,-0.004
9.29,28.500,-0.21778,0.911,-0.004
9.32,28.600,-0.21762,0.914,-0.004
9.33,28.700,-0.21745,0.915,-0.004
9.35,28.800,-0.21732,0.917,-0.004
9.37,28.900,-0.21716,0.919,-0.004
9.39,29.000,-0.21703,0.921,-0.004
9.41,29.100,-0.21687,0.923,-0.004
9.44,29.200,-0.21674,0.926,-0.004
9.45,29.300,-0.21662,0.926,-0.004
9.49,29.400,-0.21645,0.931,-0.004
9.49,29.500,-0.21633,0.930,-0.004
9.50,29.600,-0.21620,0.931,-0.004
9.52,29.700,-0.21608,0.934,-0.004
9.56,29.800,-0.21595,0.937,-0.004
9.58,29.900,-0.21579,0.939,-0.004
9.59,30.000,-0.21566,0.941,-0.004
9.61,30.100,-0.21554,0.943,-0.004
9.63,30.200,-0.21537,0.944,-0.004
9.67,30.300,-0.21525,0.948,-0.004
9.71,30.400,-0.21512,0.952,-0.004
9.71,30.500,-0.21496,0.952,-0.004
9.74,30.600,-0.21483,0.955,-0.004
9.76,30.700,-0.21466,0.957,-0.004
9.80,30.800,-0.21450,0.961,-0.004
9.83,30.900,-0.21437,0.964,-0.004
9.85,31.000,-0.21421,0.966,-0.004
9.86,31.100,-0.21404,0.967,-0.004
9.91,31.200,-0.21392,0.972,-0.004
9.90,31.300,-0.21375,0.971,-0.004
9.96,31.400,-0.21363,0.977,-0.004
9.96,31.500,-0.21346,0.976,-0.004
10.01,31.600,-0.21329,0.981,-0.004
10.03,31.700,-0.21313,0.984,-0.004
10.06,31.800,-0.21296,0.987,-0.004
10.07,31.900,-0.21279,0.988,-0.004
10.13,32.000,-0.21267,0.993,-0.004
10.15,32.100,-0.21250,0.995,-0.004
10.19,32.200,-0.21234,0.999,-0.004
10.20,32.300,-0.21213,1.000,-0.004
10.23,32.400,-0.21196,1.003,-0.004
10.28,32.500,-0.21176,1.008,-0.004
10.32,32.600,-0.21159,1.012,-0.004
10.36,32.700,-0.21138,1.016,-0.004
10.40,32.800,-0.21117,1.020,-0.004
10.42,32.900,-0.21097,1.021,-0.004
10.47,33.000,-0.21076,1.027,-0.004
10.53,33.100,-0.21055,1.032,-0.004
10.58,33.200,-0.21030,1.038,-0.004
10.61,33.300,-0.21009,1.041,-0.004
10.64,33.400,-0.20989,1.044,-0.004
10.68,33.500,-0.20968,1.047,-0.004
10.70,33.600,-0.20947,1.050,-0.004
10.73,33.700,-0.20926,1.052,-0.004
10.78,33.800,-0.20905,1.057,-0.004
10.81,33.900,-0.20885,1.060,-0.004
10.82,34.000,-0.20868,1.062,-0.004
10.87,34.100,-0.20851,1.066,-0.004
10.88,34.200,-0.20835,1.067,-0.004
10.91,34.300,-0.20818,1.070,-0.004
10.92,34.400,-0.20802,1.071,-0.004
10.96,34.500,-0.20785,1.075,-0.004
10.98,34.600,-0.20773,1.077,-0.004
11.00,34.700,-0.20756,1.079,-0.004
11.01,34.800,-0.20743,1.080,-0.004
11.05,34.900,-0.20727,1.084,-0.004
11.07,35.000,-0.20714,1.086,-0.004
11.10,35.100,-0.20698,1.089,-0.004
11.12,35.200,-0.20685,1.090,-0.004
11.15,35.300,-0.20673,1.094,-0.004
11.17,35.400,-0.20660,1.095,-0.004
11.20,35.500,-0.20648,1.098,-0.004
11.23,35.600,-0.20631,1.101,-0.004
11.27,35.700,-0.20619,1.105,-0.004
11.27,35.800,-0.20606,1.106,-0.004
11.30,35.900,-0.20594,1.108,-0.004
11.33,36.000,-0.20577,1.111,-0.004
11.37,36.100,-0.20565,1.115,-0.004
11.39,36.200,-0.20548,1.117,-0.004
11.45,36.300,-0.20536,1.123,-0.004
11.45,36.400,-0.20519,1.123,-0.004
11.49,36.500,-0.20507,1.127,-0.004
11.51,36.600,-0.20490,1.129,-0.004
11.56,36.700,-0.20473,1.134,-0.004
11.58,36.800,-0.20461,1.136,-0.004
11.60,36.900,-0.20444,1.138,-0.004
11.66,37.000,-0.20428,1.143,-0.004
11.67,37.100,-0.20415,1.145,-0.004
11.70,37.200,-0.20398,1.147,-0.004
11.74,37.300,-0.20382,1.152,-0.004
11.76,37.400,-0.20365,1.153,-0.004
11.80,37.500,-0.20349,1.157,-0.004
11.84,37.600,-0.20336,1.161,-0.004
11.87,37.700,-0.20320,1.164,-0.004
11.90,37.800,-0.20303,1.167,-0.004
11.94,37.900,-0.20286,1.171,-0.004
11.97,38.000,-0.20266,1.173,-0.004
12.00,38.100,-0.20249,1.177,-0.004
12.07,38.200,-0.20232,1.183,-0.004
12.10,38.300,-0.20211,1.187,-0.004
12.14,38.400,-0.20195,1.190,-0.004
12.17,38.500,-0.20174,1.194,-0.004
12.21,38.600,-0.20153,1.197,-0.004
12.27,38.700,-0.20133,1.203,-0.004
12.32,38.800,-0.20112,1.208,-0.004
12.34,38.900,-0.20091,1.211,-0.004
12.40,39.000,-0.20070,1.216,-0.004
12.43,39.100,-0.20049,1.219,-0.004
12.48,39.200,-0.20029,1.224,-0.004
12.51,39.300,-0.20008,1.227,-0.004
12.56,39.400,-0.19987,1.231,-0.004
12.61,39.500,-0.19966,1.236,-0.004
12.64,39.600,-0.19950,1.240,-0.004
12.66,39.700,-0.19929,1.242,-0.004
12.69,39.800,-0.19912,1.245,-0.004
12.71,39.900,-0.19896,1.247,-0.004
12.75,40.000,-0.19879,1.251,-0.004
12.79,40.100,-0.19862,1.254,-0.004
12.81,40.200,-0.19846,1.256,-0.004
12.84,40.300,-0.19833,1.260,-0.004
12.86,40.400,-0.19817,1.262,-0.004
12.89,40.500,-0.19804,1.264,-0.004
12.94,40.600,-0.19788,1.269,-0.004
12.96,40.700,-0.19775,1.271,-0.004
12.99,40.800,-0.19759,1.274,-0.004
13.03,40.900,-0.19746,1.278,-0.004
13.05,41.000,-0.19734,1.280,-0.004
13.06,41.100,-0.19721,1.280,-0.004
13.08,41.200,-0.19705,1.283,-0.004
13.14,41.300,-0.19692,1.288,-0.004
13.14,41.400,-0.19680,1.289,-0.004
13.15,41.500,-0.19667,1.290,-0.004
13.22,41.600,-0.19650,1.296,-0.004
13.24,41.700,-0.19638,1.299,-0.004
13.28,41.800,-0.19626,1.302,-0.004
13.30,41.900,-0.19609,1.304,-0.004
13.34,42.000,-0.19592,1.309,-0.004
13.37,42.100,-0.19580,1.311,-0.004
13.40,42.200,-0.19567,1.314,-0.004
13.43,42.300,-0.19551,1.317,-0.004
13.48,42.400,-0.19538,1.322,-0.004
13.52,42.500,-0.19522,1.326,-0.004
13.54,42.600,-0.19505,1.328,-0.004
13.59,42.700,-0.19488,1.333,-0.004
13.63,42.800,-0.19476,1.336,-0.004
13.67,42.900,-0.19459,1.340,-0.004
13.69,43.000,-0.19443,1.342,-0.004
13.73,43.100,-0.19430,1.346,-0.004
13.77,43.200,-0.19414,1.350,-0.004
13.79,43.300,-0.19397,1.352,-0.004
13.84,43.400,-0.19380,1.357,-0.004
13.89,43.500,-0.19364,1.362,-0.004
13.91,43.600,-0.19347,1.364,-0.004
13.93,43.700,-0.19331,1.366,-0.004
14.00,43.800,-0.19314,1.373,-0.004
14.03,43.900,-0.19297,1.376,-0.004
14.09,44.000,-0.19276,1.382,-0.004
14.13,44.100,-0.19260,1.386,-0.004
14.19,44.200,-0.19239,1.392,-0.004
14.24,44.300,-0.19218,1.397,-0.004
14.28,44.400,-0.19198,1.400,-0.004
14.32,44.500,-0.19177,1.405,-0.004
14.36,44.600,-0.19152,1.408,-0.004
14.42,44.700,-0.19131,1.414,-0.004
14.47,44.800,-0.19110,1.419,-0.004
14.51,44.900,-0.19089,1.423,-0.004
14.57,45.000,-0.19069,1.429,-0.004
14.60,45.100,-0.19048,1.432,-0.004
14.65,45.200,-0.19027,1.437,-0.004
14.70,45.300,-0.19006,1.441,-0.004
14.73,45.400,-0.18990,1.445,-0.004
14.78,45.500,-0.18969,1.449,-0.004
14.79,45.600,-0.18952,1.451,-0.004
14.83,45.700,-0.18936,1.455,-0.004
14.87,45.800,-0.18919,1.459,-0.004
14.91,45.900,-0.18907,1.462,-0.004
14.93,46.000,-0.18890,1.464,-0.004
14.96,46.100,-0.18873,1.467,-0.004
14.99,46.200,-0.18861,1.471,-0.004
15.02,46.300,-0.18848,1.473,-0.004
15.06,46.400,-0.18832,1.477,-0.004
15.09,46.500,-0.18819,1.480,-0.004
15.12,46.600,-0.18807,1.483,-0.004
15.14,46.700,-0.18790,1.484,-0.004
15.17,46.800,-0.18778,1.488,-0.004
15.21,46.900,-0.18765,1.491,-0.004
15.23,47.000,-0.18753,1.493,-0.004
15.27,47.100,-0.18736,1.498,-0.004
15.30,47.200,-0.18724,1.501,-0.004
15.35,47.300,-0.18711,1.505,-0.004
15.39,47.400,-0.18695,1.509,-0.004
15.43,47.500,-0.18682,1.513,-0.004
15.46,47.600,-0.18666,1.517,-0.004
15.48,47.700,-0.18653,1.518,-0.004
15.54,47.800,-0.18637,1.524,-0.004
15.58,47.900,-0.18620,1.528,-0.004
15.60,48.000,-0.18607,1.530,-0.004
15.62,48.100,-0.18591,1.532,-0.004
15.68,48.200,-0.18578,1.538,-0.004
15.71,48.300,-0.18562,1.540,-0.004
15.76,48.400,-0.18545,1.545,-0.004
15.80,48.500,-0.18528,1.549,-0.004
15.85,48.600,-0.18512,1.554,-0.004
15.88,48.700,-0.18499,1.557,-0.004
15.91,48.800,-0.18483,1.560,-0.004
15.95,48.900,-0.18466,1.564,-0.004
16.00,49.000,-0.18450,1.569,-0.004
16.06,49.100,-0.18433,1.575,-0.004
16.08,49.200,-0.18416,1.577,-0.004
16.14,49.300,-0.18400,1.583,-0.004
16.18,49.400,-0.18379,1.586,-0.004
16.24,49.500,-0.18362,1.592,-0.004
16.31,49.600,-0.18341,1.599,-0.004
16.35,49.700,-0.18325,1.603,-0.004
16.41,49.800,-0.18304,1.610,-0.004
16.47,49.900,-0.18283,1.615,-0.004
16.53,50.000,-0.18263,1.621,-0.004
16.59,50.100,-0.18242,1.627,-0.004
16.65,50.200,-0.18217,1.633,-0.004
16.72,50.300,-0.18196,1.640,-0.004
16.77,50.400,-0.18171,1.645,-0.004
16.84,50.500,-0.18150,1.652,-0.004
16.89,50.600,-0.18130,1.656,-0.004
16.96,50.700,-0.18109,1.663,-0.004
17.00,50.800,-0.18088,1.667,-0.004
17.04,50.900,-0.18067,1.671,-0.004
17.08,51.000,-0.18051,1.675,-0.004
17.14,51.100,-0.18030,1.681,-0.004
17.18,51.200,-0.18013,1.684,-0.004
17.23,51.300,-0.17992,1.690,-0.004
17.25,51.400,-0.17976,1.692,-0.004
17.30,51.500,-0.17963,1.696,-0.004
17.34,51.600,-0.17947,1.700,-0.004
17.37,51.700,-0.17930,1.703,-0.004
17.40,51.800,-0.17913,1.706,-0.004
17.45,51.900,-0.17901,1.711,-0.004
17.49,52.000,-0.17884,1.715,-0.004
17.54,52.100,-0.17872,1.720,-0.004
17.56,52.200,-0.17859,1.722,-0.004
17.60,52.300,-0.17843,1.726,-0.004
17.65,52.400,-0.17830,1.731,-0.004
17.66,52.500,-0.17818,1.732,-0.004
17.70,52.600,-0.17801,1.735,-0.004
17.74,52.700,-0.17789,1.740,-0.004
17.78,52.800,-0.17776,1.744,-0.003
17.81,52.900,-0.17760,1.747,-0.003
17.85,53.000,-0.17747,1.750,-0.003
17.91,53.100,-0.17731,1.756,-0.003
17.95,53.200,-0.17718,1.761,-0.003
17.98,53.300,-0.17702,1.763,-0.003
18.02,53.400,-0.17689,1.768,-0.003
18.08,53.500,-0.17672,1.773,-0.003
18.13,53.600,-0.17656,1.778,-0.003
18.17,53.700,-0.17639,1.781,-0.003
18.21,53.800,-0.17627,1.786,-0.003
18.26,53.900,-0.17610,1.791,-0.003
18.30,54.000,-0.17593,1.795,-0.003
18.36,54.100,-0.17577,1.800,-0.003
18.39,54.200,-0.17564,1.803,-0.003
18.42,54.300,-0.17548,1.806,-0.003
18.48,54.400,-0.17531,1.812,-0.003
18.52,54.500,-0.17515,1.817,-0.003
18.58,54.600,-0.17498,1.822,-0.003
18.63,54.700,-0.17481,1.827,-0.003
18.67,54.800,-0.17465,1.831,-0.003
18.74,54.900,-0.17448,1.837,-0.003
18.79,55.000,-0.17431,1.843,-0.003
18.85,55.100,-0.17411,1.849,-0.003
18.90,55.200,-0.17394,1.854,-0.003
18.98,55.300,-0.17373,1.862,-0.003
19.05,55.400,-0.17357,1.868,-0.003
19.10,55.500,-0.17336,1.873,-0.003
19.18,55.600,-0.17311,1.881,-0.003
19.24,55.700,-0.17290,1.886,-0.003
19.32,55.800,-0.17269,1.895,-0.003
19.37,55.900,-0.17249,1.899,-0.003
19.44,56.000,-0.17224,1.906,-0.003
19.49,56.100,-0.17203,1.912,-0.003
19.57,56.200,-0.17182,1.919,-0.003
19.61,56.300,-0.17165,1.923,-0.003
19.68,56.400,-0.17145,1.930,-0.003
19.74,56.500,-0.17124,1.936,-0.003
19.78,56.600,-0.17103,1.940,-0.003
19.83,56.700,-0.17086,1.944,-0.003
19.89,56.800,-0.17070,1.950,-0.003
19.93,56.900,-0.17053,1.955,-0.003
19.96,57.000,-0.17037,1.958,-0.003
20.01,57.100,-0.17020,1.963,-0.003
20.07,57.200,-0.17003,1.968,-0.003
20.10,57.300,-0.16987,1.971,-0.003
20.13,57.400,-0.16974,1.974,-0.003
20.18,57.500,-0.16958,1.979,-0.003
20.21,57.600,-0.16945,1.982,-0.003
20.26,57.700,-0.16929,1.987,-0.003
20.30,57.800,-0.16916,1.991,-0.003
20.35,57.900,-0.16904,1.996,-0.003
20.35,58.000,-0.16887,1.996,-0.003
20.40,58.100,-0.16875,2.000,-0.003
20.43,58.200,-0.16862,2.004,-0.003
20.48,58.300,-0.16850,2.009,-0.003
20.52,58.400,-0.16833,2.012,-0.003
20.58,58.500,-0.16821,2.019,-0.003
20.61,58.600,-0.16808,2.021,-0.003
20.66,58.700,-0.16791,2.026,-0.003
20.69,58.800,-0.16779,2.029,-0.003
20.75,58.900,-0.16762,2.035,-0.003
20.81,59.000,-0.16750,2.040,-0.003
20.88,59.100,-0.16733,2.047,-0.003
20.90,59.200,-0.16721,2.049,-0.003
20.97,59.300,-0.16704,2.057,-0.003
21.03,59.400,-0.16692,2.062,-0.003
21.06,59.500,-0.16675,2.065,-0.003
21.11,59.600,-0.16658,2.070,-0.003
21.16,59.700,-0.16646,2.075,-0.003
21.21,59.800,-0.16629,2.080,-0.003
21.29,59.900,-0.16613,2.087,-0.003
21.34,60.000,-0.16596,2.093,-0.003
21.38,60.100,-0.16584,2.097,-0.003
21.43,60.200,-0.16567,2.101,-0.003
21.48,60.300,-0.16550,2.107,-0.003
21.53,60.400,-0.16534,2.112,-0.003
21.58,60.500,-0.16517,2.117,-0.003
21.64,60.600,-0.16501,2.122,-0.003
21.70,60.700,-0.16484,2.128,-0.003
21.76,60.800,-0.16467,2.134,-0.003
21.83,60.900,-0.16447,2.141,-0.003
21.90,61.000,-0.16426,2.148,-0.003
21.97,61.100,-0.16409,2.155,-0.003
22.08,61.200,-0.16388,2.165,-0.003
22.13,61.300,-0.16363,2.171,-0.003
22.20,61.400,-0.16343,2.177,-0.003
22.27,61.500,-0.16322,2.184,-0.003
22.36,61.600,-0.16301,2.193,-0.003
22.41,61.700,-0.16276,2.198,-0.003
22.51,61.800,-0.16255,2.207,-0.003
22.56,61.900,-0.16235,2.212,-0.003
22.62,62.000,-0.16218,2.218,-0.003
22.69,62.100,-0.16197,2.225,-0.003
22.77,62.200,-0.16176,2.233,-0.003
22.80,62.300,-0.16156,2.236,-0.003
22.86,62.400,-0.16139,2.242,-0.003
22.89,62.500,-0.16122,2.245,-0.003
22.97,62.600,-0.16106,2.253,-0.003
23.00,62.700,-0.16089,2.255,-0.003
23.08,62.800,-0.16073,2.263,-0.003
23.08,62.900,-0.16056,2.264,-0.003
23.18,63.000,-0.16043,2.273,-0.003
23.18,63.100,-0.16027,2.274,-0.003
23.24,63.200,-0.16014,2.279,-0.003
23.27,63.300,-0.15998,2.282,-0.003
23.35,63.400,-0.15985,2.290,-0.003
23.36,63.500,-0.15973,2.291,-0.003
23.41,63.600,-0.15960,2.296,-0.003
23.45,63.700,-0.15944,2.299,-0.003
23.50,63.800,-0.15931,2.305,-0.003
23.53,63.900,-0.15919,2.307,-0.003
23.58,64.000,-0.15906,2.312,-0.003
23.61,64.100,-0.15894,2.316,-0.003
23.67,64.200,-0.15877,2.321,-0.003
23.71,64.300,-0.15865,2.325,-0.003
23.78,64.400,-0.15852,2.332,-0.003
23.83,64.500,-0.15836,2.336,-0.003
23.89,64.600,-0.15823,2.343,-0.003
23.93,64.700,-0.15807,2.347,-0.003
24.00,64.800,-0.15794,2.353,-0.003
24.06,64.900,-0.15777,2.359,-0.003
24.09,65.000,-0.15761,2.362,-0.003
24.16,65.100,-0.15748,2.369,-0.003
24.22,65.200,-0.15732,2.375,-0.003
24.29,65.300,-0.15719,2.382,-0.003
24.33,65.400,-0.15703,2.386,-0.003
24.41,65.500,-0.15686,2.393,-0.003
24.46,65.600,-0.15669,2.398,-0.003
24.52,65.700,-0.15653,2.405,-0.003
24.58,65.800,-0.15636,2.410,-0.003
24.63,65.900,-0.15624,2.415,-0.003
24.68,66.000,-0.15607,2.421,-0.003
24.76,66.100,-0.15590,2.429,-0.003
24.82,66.200,-0.15574,2.434,-0.003
24.88,66.300,-0.15557,2.440,-0.003
24.94,66.400,-0.15536,2.446,-0.003
25.01,66.500,-0.15520,2.453,-0.003
25.10,66.600,-0.15499,2.461,-0.003
25.18,66.700,-0.15482,2.469,-0.003
25.27,66.800,-0.15462,2.478,-0.003
25.35,66.900,-0.15441,2.486,-0.003
25.43,67.000,-0.15420,2.494,-0.003
25.53,67.100,-0.15395,2.503,-0.003
25.62,67.200,-0.15374,2.512,-0.003
25.68,67.300,-0.15349,2.518,-0.003
25.79,67.400,-0.15329,2.530,-0.003
25.87,67.500,-0.15308,2.537,-0.003
25.93,67.600,-0.15287,2.543,-0.003
26.01,67.700,-0.15266,2.551,-0.003
26.09,67.800,-0.15246,2.558,-0.003
26.17,67.900,-0.15225,2.567,-0.003
26.22,68.000,-0.15208,2.571,-0.003
26.33,68.100,-0.15187,2.582,-0.003
26.38,68.200,-0.15171,2.587,-0.003
26.45,68.300,-0.15154,2.594,-0.003
26.50,68.400,-0.15138,2.599,-0.003
26.56,68.500,-0.15121,2.605,-0.003
26.62,68.600,-0.15104,2.610,-0.003
26.69,68.700,-0.15088,2.617,-0.003
26.73,68.800,-0.15075,2.622,-0.003
26.77,68.900,-0.15059,2.625,-0.003
26.82,69.000,-0.15046,2.630,-0.003
26.89,69.100,-0.15034,2.637,-0.003
26.94,69.200,-0.15017,2.642,-0.003
26.99,69.300,-0.15005,2.646,-0.003
27.04,69.400,-0.14992,2.652,-0.003
27.12,69.500,-0.14975,2.660,-0.003
27.16,69.600,-0.14963,2.663,-0.003
27.22,69.700,-0.14951,2.670,-0.003
27.25,69.800,-0.14938,2.672,-0.003
27.34,69.900,-0.14921,2.681,-0.003
27.39,70.000,-0.14909,2.686,-0.003
27.47,70.100,-0.14892,2.693,-0.003
27.53,70.200,-0.14880,2.700,-0.003
27.59,70.300,-0.14863,2.706,-0.003
27.64,70.400,-0.14851,2.710,-0.003
27.70,70.500,-0.14834,2.717,-0.003
27.78,70.600,-0.14822,2.724,-0.003
27.83,70.700,-0.14805,2.730,-0.003
27.88,70.800,-0.14788,2.734,-0.003
27.95,70.900,-0.14776,2.741,-0.003
28.00,71.000,-0.14759,2.746,-0.003
28.08,71.100,-0.14743,2.754,-0.003
28.14,71.200,-0.14730,2.759,-0.003
28.20,71.300,-0.14714,2.766,-0.003
28.26,71.400,-0.14697,2.772,-0.003
28.32,71.500,-0.14680,2.778,-0.003
28.39,71.600,-0.14668,2.784,-0.003
28.47,71.700,-0.14651,2.792,-0.003
28.53,71.800,-0.14635,2.798,-0.003
28.62,71.900,-0.14618,2.806,-0.003
28.71,72.000,-0.14601,2.815,-0.003
28.76,72.100,-0.14581,2.820,-0.003
28.83,72.200,-0.14564,2.827,-0.003
28.92,72.300,-0.14543,2.836,-0.003
29.01,72.400,-0.14527,2.845,-0.003
29.10,72.500,-0.14506,2.854,-0.003
29.21,72.600,-0.14485,2.864,-0.003
29.29,72.700,-0.14464,2.873,-0.003
29.41,72.800,-0.14444,2.885,-0.003
29.50,72.900,-0.14419,2.893,-0.003
29.62,73.000,-0.14398,2.904,-0.003
29.68,73.100,-0.14377,2.910,-0.003
29.78,73.200,-0.14356,2.921,-0.003
29.86,73.300,-0.14335,2.929,-0.003
29.96,73.400,-0.14315,2.938,-0.003
30.02,73.500,-0.14298,2.944,-0.003
30.11,73.600,-0.14277,2.953,-0.003
30.18,73.700,-0.14261,2.959,-0.003
30.29,73.800,-0.14240,2.970,-0.003
30.32,73.900,-0.14223,2.973,-0.003
30.41,74.000,-0.14207,2.982,-0.003
30.44,74.100,-0.14190,2.985,-0.003
30.54,74.200,-0.14173,2.995,-0.003
30.59,74.300,-0.14161,3.000,-0.003
30.65,74.400,-0.14144,3.006,-0.003
30.71,74.500,-0.14132,3.011,-0.003
30.79,74.600,-0.14115,3.020,-0.003
30.84,74.700,-0.14103,3.024,-0.003
30.89,74.800,-0.14086,3.030,-0.003
30.96,74.900,-0.14074,3.036,-0.003
31.01,75.000,-0.14061,3.041,-0.003
31.06,75.100,-0.14049,3.046,-0.003
31.12,75.200,-0.14032,3.052,-0.003
31.18,75.300,-0.14020,3.058,-0.003
31.26,75.400,-0.14007,3.065,-0.003
31.30,75.500,-0.13991,3.070,-0.003
31.37,75.600,-0.13978,3.076,-0.003
31.42,75.700,-0.13966,3.081,-0.003
31.50,75.800,-0.13949,3.089,-0.003
31.55,75.900,-0.13937,3.094,-0.003
31.63,76.000,-0.13924,3.102,-0.003
31.69,76.100,-0.13907,3.108,-0.003
31.75,76.200,-0.13895,3.114,-0.003
31.83,76.300,-0.13878,3.122,-0.003
31.92,76.400,-0.13862,3.130,-0.003
31.97,76.500,-0.13845,3.136,-0.003
32.06,76.600,-0.13833,3.144,-0.003
32.12,76.700,-0.13816,3.150,-0.003
32.20,76.800,-0.13799,3.158,-0.003
32.26,76.900,-0.13783,3.163,-0.003
32.33,77.000,-0.13770,3.170,-0.003
32.38,77.100,-0.13754,3.176,-0.003
32.49,77.200,-0.13737,3.186,-0.003
32.55,77.300,-0.13720,3.192,-0.003
32.62,77.400,-0.13704,3.199,-0.003
32.71,77.500,-0.13687,3.208,-0.003
32.80,77.600,-0.13671,3.217,-0.003
32.90,77.700,-0.13654,3.226,-0.003
32.98,77.800,-0.13637,3.234,-0.003
33.07,77.900,-0.13617,3.243,-0.003
33.18,78.000,-0.13596,3.254,-0.003
33.28,78.100,-0.13579,3.264,-0.003
33.38,78.200,-0.13558,3.274,-0.003
33.51,78.300,-0.13538,3.286,-0.003
33.62,78.400,-0.13513,3.297,-0.003
33.73,78.500,-0.13492,3.308,-0.003
33.83,78.600,-0.13471,3.318,-0.003
33.96,78.700,-0.13446,3.330,-0.003
34.06,78.800,-0.13425,3.340,-0.003
34.15,78.900,-0.13405,3.349,-0.003
34.25,79.000,-0.13384,3.359,-0.003
34.35,79.100,-0.13363,3.369,-0.003
34.42,79.200,-0.13346,3.376,-0.003
34.50,79.300,-0.13326,3.383,-0.003
34.58,79.400,-0.13305,3.391,-0.003
34.67,79.500,-0.13288,3.400,-0.003
34.73,79.600,-0.13272,3.406,-0.003
34.80,79.700,-0.13259,3.412,-0.003
34.87,79.800,-0.13243,3.420,-0.003
34.92,79.900,-0.13226,3.425,-0.003
34.99,80.000,-0.13209,3.432,-0.003
35.05,80.100,-0.13197,3.438,-0.003
35.14,80.200,-0.13180,3.446,-0.003
35.20,80.300,-0.13168,3.452,-0.003
35.24,80.400,-0.13155,3.455,-0.003
35.34,80.500,-0.13139,3.466,-0.003
35.38,80.600,-0.13126,3.470,-0.003
35.43,80.700,-0.13114,3.474,-0.003
35.50,80.800,-0.13101,3.481,-0.003
35.56,80.900,-0.13085,3.487,-0.003
35.65,81.000,-0.13072,3.496,-0.003
35.72,81.100,-0.13060,3.503,-0.003
35.79,81.200,-0.13043,3.510,-0.003
35.86,81.300,-0.13031,3.517,-0.003
35.93,81.400,-0.13018,3.523,-0.003
36.02,81.500,-0.13002,3.532,-0.003
36.10,81.600,-0.12989,3.540,-0.003
36.18,81.700,-0.12972,3.548,-0.003
36.24,81.800,-0.12956,3.554,-0.003
36.33,81.900,-0.12943,3.563,-0.003
36.41,82.000,-0.12927,3.570,-0.003
36.50,82.100,-0.12910,3.580,-0.003
36.57,82.200,-0.12894,3.587,-0.003
36.67,82.300,-0.12881,3.596,-0.003
36.75,82.400,-0.12864,3.604,-0.003
36.85,82.500,-0.12848,3.613,-0.003
36.91,82.600,-0.12831,3.620,-0.003
37.02,82.700,-0.12815,3.631,-0.003
37.10,82.800,-0.12798,3.638,-0.003
37.19,82.900,-0.12781,3.648,-0.003
37.26,83.000,-0.12769,3.654,-0.003
37.35,83.100,-0.12752,3.663,-0.003
37.43,83.200,-0.12731,3.670,-0.003
37.55,83.300,-0.12715,3.683,-0.003
37.64,83.400,-0.12698,3.692,-0.002
37.77,83.500,-0.12677,3.704,-0.002
37.87,83.600,-0.12661,3.714,-0.002
38.00,83.700,-0.12640,3.727,-0.002
38.11,83.800,-0.12619,3.737,-0.002
38.25,83.900,-0.12594,3.751,-0.002
38.36,84.000,-0.12574,3.762,-0.002
38.51,84.100,-0.12553,3.777,-0.002
38.63,84.200,-0.12528,3.788,-0.002
38.76,84.300,-0.12507,3.801,-0.002
38.86,84.400,-0.12486,3.811,-0.002
38.98,84.500,-0.12465,3.823,-0.002
39.09,84.600,-0.12445,3.833,-0.002
39.19,84.700,-0.12424,3.843,-0.002
39.29,84.800,-0.12403,3.853,-0.002
39.41,84.900,-0.12382,3.864,-0.002
39.49,85.000,-0.12366,3.872,-0.002
39.59,85.100,-0.12345,3.882,-0.002
39.66,85.200,-0.12328,3.890,-0.002
39.75,85.300,-0.12312,3.898,-0.002
39.83,85.400,-0.12295,3.906,-0.002
39.91,85.500,-0.12283,3.914,-0.002
39.99,85.600,-0.12266,3.922,-0.002
40.08,85.700,-0.12249,3.931,-0.002
40.15,85.800,-0.12237,3.937,-0.002
40.23,85.900,-0.12220,3.945,-0.002
40.32,86.000,-0.12204,3.954,-0.002
40.40,86.100,-0.12191,3.962,-0.002
40.44,86.200,-0.12179,3.965,-0.002
40.51,86.300,-0.12162,3.973,-0.002
40.58,86.400,-0.12150,3.980,-0.002
40.67,86.500,-0.12137,3.989,-0.002
40.75,86.600,-0.12121,3.997,-0.002
40.83,86.700,-0.12108,4.004,-0.002
40.91,86.800,-0.12096,4.012,-0.002
40.99,86.900,-0.12079,4.020,-0.002
41.07,87.000,-0.12067,4.028,-0.002
41.18,87.100,-0.12050,4.038,-0.002
41.27,87.200,-0.12037,4.048,-0.002
41.36,87.300,-0.12021,4.056,-0.002
41.44,87.400,-0.12008,4.064,-0.002
41.56,87.500,-0.11992,4.075,-0.002
41.65,87.600,-0.11975,4.085,-0.002
41.75,87.700,-0.11963,4.094,-0.002
41.84,87.800,-0.11946,4.103,-0.002
41.93,87.900,-0.11929,4.112,-0.002
42.03,88.000,-0.11913,4.121,-0.002
42.14,88.100,-0.11896,4.133,-0.002
42.23,88.200,-0.11884,4.141,-0.002
42.32,88.300,-0.11867,4.150,-0.002
42.42,88.400,-0.11850,4.160,-0.002
42.52,88.500,-0.11834,4.170,-0.002
42.64,88.600,-0.11817,4.181,-0.002
42.73,88.700,-0.11801,4.191,-0.002
42.82,88.800,-0.11784,4.199,-0.002
42.93,88.900,-0.11767,4.210,-0.002
43.05,89.000,-0.11747,4.222,-0.002
43.18,89.100,-0.11730,4.234,-0.002
43.30,89.200,-0.11709,4.246,-0.002
43.42,89.300,-0.11688,4.258,-0.002
43.53,89.400,-0.11672,4.269,-0.002
43.69,89.500,-0.11651,4.284,-0.002
43.81,89.600,-0.11630,4.296,-0.002
43.98,89.700,-0.11605,4.313,-0.002
44.11,89.800,-0.11585,4.326,-0.002
44.25,89.900,-0.11564,4.339,-0.002
44.38,90.000,-0.11543,4.352,-0.002
44.52,90.100,-0.11522,4.366,-0.002
44.65,90.200,-0.11501,4.379,-0.002
44.74,90.300,-0.11481,4.387,-0.002
44.87,90.400,-0.11464,4.401,-0.002
45.00,90.500,-0.11443,4.413,-0.002
45.11,90.600,-0.11422,4.424,-0.002
45.23,90.700,-0.11406,4.435,-0.002
45.33,90.800,-0.11389,4.446,-0.002
45.43,90.900,-0.11368,4.456,-0.002
45.51,91.000,-0.11352,4.463,-0.002
45.63,91.100,-0.11339,4.474,-0.002
45.71,91.200,-0.11323,4.483,-0.002
45.80,91.300,-0.11306,4.492,-0.002
45.89,91.400,-0.11294,4.500,-0.002
45.97,91.500,-0.11277,4.508,-0.002
46.09,91.600,-0.11265,4.520,-0.002
46.16,91.700,-0.11248,4.527,-0.002
46.24,91.800,-0.11235,4.535,-0.002
46.34,91.900,-0.11223,4.544,-0.002
46.40,92.000,-0.11210,4.551,-0.002
46.52,92.100,-0.11194,4.562,-0.002
46.60,92.200,-0.11181,4.570,-0.002
46.71,92.300,-0.11169,4.581,-0.002
46.81,92.400,-0.11152,4.590,-0.002
46.90,92.500,-0.11140,4.599,-0.002
46.99,92.600,-0.11127,4.608,-0.002
47.09,92.700,-0.11111,4.618,-0.002
47.19,92.800,-0.11098,4.628,-0.002
47.29,92.900,-0.11082,4.638,-0.002
47.41,93.000,-0.11069,4.649,-0.002
47.52,93.100,-0.11053,4.660,-0.002
47.63,93.200,-0.11040,4.670,-0.002
47.73,93.300,-0.11023,4.681,-0.002
47.83,93.400,-0.11007,4.691,-0.002
47.95,93.500,-0.10994,4.703,-0.002
48.05,93.600,-0.10978,4.712,-0.002
48.16,93.700,-0.10961,4.723,-0.002
48.28,93.800,-0.10945,4.734,-0.002
48.37,93.900,-0.10932,4.744,-0.002
48.48,94.000,-0.10915,4.754,-0.002
48.58,94.100,-0.10899,4.764,-0.002
48.69,94.200,-0.10882,4.775,-0.002
48.80,94.300,-0.10866,4.785,-0.002
48.92,94.400,-0.10849,4.797,-0.002
49.06,94.500,-0.10832,4.811,-0.002
49.18,94.600,-0.10816,4.822,-0.002
49.29,94.700,-0.10799,4.833,-0.002
49.43,94.800,-0.10782,4.847,-0.002
49.58,94.900,-0.10762,4.862,-0.002
49.72,95.000,-0.10741,4.876,-0.002
49.90,95.100,-0.10720,4.893,-0.002
50.07,95.200,-0.10699,4.910,-0.002
50.27,95.300,-0.10679,4.929,-0.002
50.40,95.400,-0.10654,4.942,-0.002
50.55,95.500,-0.10633,4.957,-0.002
50.73,95.600,-0.10612,4.975,-0.002
50.87,95.700,-0.10591,4.989,-0.002
51.03,95.800,-0.10571,5.005,-0.002
51.16,95.900,-0.10550,5.017,-0.002
51.34,96.000,-0.10529,5.035,-0.002
51.47,96.100,-0.10508,5.048,-0.002
51.60,96.200,-0.10487,5.060,-0.002
51.72,96.300,-0.10471,5.072,-0.002
51.84,96.400,-0.10450,5.084,-0.002
51.94,96.500,-0.10433,5.093,-0.002
52.07,96.600,-0.10417,5.106,-0.002
52.15,96.700,-0.10400,5.115,-0.002
52.25,96.800,-0.10388,5.124,-0.002
52.35,96.900,-0.10371,5.134,-0.002
52.45,97.000,-0.10354,5.144,-0.002
52.55,97.100,-0.10342,5.153,-0.002
52.64,97.200,-0.10330,5.162,-0.002
52.73,97.300,-0.10313,5.171,-0.002
52.84,97.400,-0.10300,5.182,-0.002
52.93,97.500,-0.10288,5.190,-0.002
53.00,97.600,-0.10271,5.198,-0.002
53.13,97.700,-0.10259,5.210,-0.002
53.19,97.800,-0.10246,5.216,-0.002
53.30,97.900,-0.10234,5.227,-0.002
53.40,98.000,-0.10221,5.237,-0.002
53.50,98.100,-0.10205,5.246,-0.002
53.61,98.200,-0.10192,5.257,-0.002
53.74,98.300,-0.10176,5.270,-0.002
53.84,98.400,-0.10163,5.280,-0.002
53.95,98.500,-0.10147,5.291,-0.002
54.07,98.600,-0.10134,5.303,-0.002
54.18,98.700,-0.10118,5.314,-0.002
54.28,98.800,-0.10101,5.324,-0.002
54.38,98.900,-0.10088,5.333,-0.002
54.48,99.000,-0.10072,5.342,-0.002
54.62,99.100,-0.10059,5.356,-0.002
54.70,99.200,-0.10043,5.365,-0.002
54.83,99.300,-0.10026,5.377,-0.002
54.94,99.400,-0.10010,5.388,-0.002
55.03,99.500,-0.09997,5.397,-0.002
55.16,99.600,-0.09980,5.410,-0.002
55.27,99.700,-0.09964,5.420,-0.002
55.38,99.800,-0.09947,5.431,-0.002
55.48,99.900,-0.09931,5.441,-0.002
55.62,100.000,-0.09918,5.455,-0.002
55.72,100.100,-0.09897,5.465,-0.002
55.88,100.200,-0.09881,5.480,-0.002
55.98,100.300,-0.09864,5.490,-0.002
56.16,100.400,-0.09847,5.507,-0.002
56.30,100.500,-0.09827,5.522,-0.002
56.46,100.600,-0.09810,5.537,-0.002
56.60,100.700,-0.09789,5.551,-0.002
56.77,100.800,-0.09769,5.567,-0.002
56.91,100.900,-0.09748,5.581,-0.002
57.11,101.000,-0.09723,5.601,-0.002
57.26,101.100,-0.09702,5.616,-0.002
57.43,101.200,-0.09681,5.632,-0.002
57.60,101.300,-0.09660,5.648,-0.002
57.75,101.400,-0.09640,5.663,-0.002
57.90,101.500,-0.09619,5.678,-0.002
58.04,101.600,-0.09594,5.691,-0.002
58.19,101.700,-0.09577,5.707,-0.002
58.33,101.800,-0.09557,5.720,-0.002
58.47,101.900,-0.09536,5.734,-0.002
58.59,102.000,-0.09519,5.746,-0.002
58.69,102.100,-0.09498,5.755,-0.002
58.79,102.200,-0.09482,5.765,-0.002
58.90,102.300,-0.09469,5.776,-0.002
59.00,102.400,-0.09453,5.786,-0.002
59.10,102.500,-0.09436,5.796,-0.002
59.18,102.600,-0.09424,5.804,-0.002
59.28,102.700,-0.09407,5.814,-0.002
59.39,102.800,-0.09390,5.825,-0.002
59.50,102.900,-0.09378,5.835,-0.002
59.57,103.000,-0.09365,5.842,-0.002
59.66,103.100,-0.09349,5.851,-0.002
59.75,103.200,-0.09336,5.860,-0.002
59.87,103.300,-0.09324,5.871,-0.002
59.94,103.400,-0.09311,5.879,-0.002
60.04,103.500,-0.09295,5.888,-0.002
60.14,103.600,-0.09282,5.898,-0.002
60.24,103.700,-0.09270,5.908,-0.002
60.34,103.800,-0.09257,5.918,-0.002
60.46,103.900,-0.09241,5.929,-0.002
60.57,104.000,-0.09228,5.940,-0.002
60.67,104.100,-0.09212,5.949,-0.002
60.78,104.200,-0.09199,5.961,-0.002
60.90,104.300,-0.09183,5.972,-0.002
61.00,104.400,-0.09170,5.982,-0.002
61.14,104.500,-0.09153,5.996,-0.002
61.24,104.600,-0.09141,6.006,-0.002
61.35,104.700,-0.09124,6.016,-0.002
61.47,104.800,-0.09108,6.028,-0.002
61.60,104.900,-0.09095,6.041,-0.002
61.72,105.000,-0.09079,6.052,-0.002
61.84,105.100,-0.09062,6.065,-0.002
61.95,105.200,-0.09050,6.076,-0.002
62.07,105.300,-0.09033,6.087,-0.002
62.16,105.400,-0.09016,6.096,-0.002
62.29,105.500,-0.09000,6.109,-0.002
62.42,105.600,-0.08983,6.122,-0.002
62.55,105.700,-0.08966,6.134,-0.002
62.67,105.800,-0.08950,6.146,-0.002
62.82,105.900,-0.08933,6.160,-0.002
62.96,106.000,-0.08917,6.174,-0.002
63.12,106.100,-0.08900,6.190,-0.002
63.25,106.200,-0.08883,6.203,-0.002
63.41,106.300,-0.08863,6.218,-0.002
63.57,106.400,-0.08842,6.234,-0.002
63.77,106.500,-0.08821,6.253,-0.002
63.91,106.600,-0.08800,6.268,-0.002
64.09,106.700,-0.08779,6.285,-0.002
64.26,106.800,-0.08759,6.302,-0.002
64.44,106.900,-0.08738,6.320,-0.002
64.59,107.000,-0.08717,6.334,-0.002
64.74,107.100,-0.08696,6.349,-0.002
64.89,107.200,-0.08676,6.363,-0.002
65.04,107.300,-0.08655,6.378,-0.002
65.15,107.400,-0.08638,6.389,-0.002
65.31,107.500,-0.08617,6.405,-0.002
65.43,107.600,-0.08601,6.416,-0.002
65.56,107.700,-0.08584,6.429,-0.002
65.66,107.800,-0.08563,6.439,-0.002
65.80,107.900,-0.08547,6.452,-0.002
65.89,108.000,-0.08530,6.461,-0.002
66.01,108.100,-0.08518,6.473,-0.002
66.11,108.200,-0.08501,6.483,-0.002
66.22,108.300,-0.08484,6.494,-0.002
66.32,108.400,-0.08472,6.504,-0.002
66.44,108.500,-0.08455,6.515,-0.002
66.52,108.600,-0.08443,6.523,-0.002
66.63,108.700,-0.08426,6.534,-0.002
66.71,108.800,-0.08414,6.542,-0.002
66.83,108.900,-0.08401,6.554,-0.002
66.90,109.000,-0.08385,6.560,-0.002
67.02,109.100,-0.08372,6.572,-0.002
67.08,109.200,-0.08360,6.579,-0.002
67.20,109.300,-0.08347,6.591,-0.002
67.29,109.400,-0.08331,6.599,-0.002
67.42,109.500,-0.08318,6.612,-0.002
67.49,109.600,-0.08306,6.618,-0.002
67.63,109.700,-0.08293,6.632,-0.002
67.71,109.800,-0.08277,6.640,-0.002
67.85,109.900,-0.08264,6.654,-0.002
67.93,110.000,-0.08248,6.662,-0.002
68.06,110.100,-0.08235,6.675,-0.002
68.15,110.200,-0.08218,6.683,-0.002
68.26,110.300,-0.08206,6.694,-0.002
68.35,110.400,-0.08189,6.703,-0.002
68.49,110.500,-0.08177,6.717,-0.002
68.59,110.600,-0.08160,6.726,-0.002
68.71,110.700,-0.08144,6.738,-0.002
68.79,110.800,-0.08131,6.746,-0.002
68.91,110.900,-0.08115,6.758,-0.002
69.00,111.000,-0.08098,6.767,-0.002
69.13,111.100,-0.08085,6.779,-0.002
69.24,111.200,-0.08069,6.790,-0.002
69.35,111.300,-0.08052,6.801,-0.002
69.44,111.400,-0.08040,6.810,-0.002
69.59,111.500,-0.08023,6.824,-0.002
69.71,111.600,-0.08007,6.836,-0.002
69.86,111.700,-0.07990,6.851,-0.002
69.97,111.800,-0.07969,6.862,-0.002
70.12,111.900,-0.07953,6.877,-0.002
70.27,112.000,-0.07932,6.891,-0.002
70.44,112.100,-0.07915,6.908,-0.002
70.59,112.200,-0.07894,6.922,-0.002
70.76,112.300,-0.07874,6.939,-0.002
70.92,112.400,-0.07853,6.955,-0.002
71.11,112.500,-0.07832,6.973,-0.002
71.26,112.600,-0.07807,6.988,-0.002
71.40,112.700,-0.07786,7.002,-0.002
71.55,112.800,-0.07766,7.017,-0.002
71.69,112.900,-0.07745,7.030,-0.002
71.84,113.000,-0.07724,7.045,-0.002
71.96,113.100,-0.07703,7.057,-0.002
72.09,113.200,-0.07682,7.070,-0.002
72.21,113.300,-0.07666,7.081,-0.002
72.36,113.400,-0.07645,7.096,-0.002
72.43,113.500,-0.07628,7.103,-0.002
72.54,113.600,-0.07608,7.114,-0.001
72.62,113.700,-0.07591,7.121,-0.001
72.72,113.800,-0.07574,7.131,-0.001
72.82,113.900,-0.07558,7.141,-0.001
72.90,114.000,-0.07545,7.149,-0.001
73.00,114.100,-0.07529,7.159,-0.001
73.07,114.200,-0.07516,7.166,-0.001
73.18,114.300,-0.07500,7.177,-0.001
73.28,114.400,-0.07487,7.186,-0.001
73.38,114.500,-0.07470,7.196,-0.001
73.49,114.600,-0.07458,7.207,-0.001
73.56,114.700,-0.07446,7.213,-0.001
73.67,114.800,-0.07429,7.225,-0.001
73.75,114.900,-0.07416,7.232,-0.001
73.84,115.000,-0.07404,7.241,-0.001
73.92,115.100,-0.07392,7.249,-0.001
74.02,115.200,-0.07379,7.259,-0.001
74.12,115.300,-0.07362,7.269,-0.001
74.23,115.400,-0.07350,7.280,-0.001
74.31,115.500,-0.07333,7.287,-0.001
74.42,115.600,-0.07321,7.298,-0.001
74.51,115.700,-0.07308,7.307,-0.001
74.61,115.800,-0.07292,7.317,-0.001
74.73,115.900,-0.07275,7.328,-0.001
74.83,116.000,-0.07263,7.339,-0.001
74.95,116.100,-0.07246,7.350,-0.001
75.06,116.200,-0.07234,7.361,-0.001
75.16,116.300,-0.07217,7.371,-0.001
75.33,116.400,-0.07200,7.387,-0.001
75.42,116.500,-0.07188,7.396,-0.001
75.55,116.600,-0.07171,7.409,-0.001
75.65,116.700,-0.07155,7.418,-0.001
75.78,116.800,-0.07138,7.431,-0.001
75.87,116.900,-0.07126,7.440,-0.001
75.99,117.000,-0.07109,7.452,-0.001
76.13,117.100,-0.07092,7.465,-0.001
76.25,117.200,-0.07076,7.478,-0.001
76.38,117.300,-0.07055,7.491,-0.001
76.52,117.400,-0.07038,7.504,-0.001
76.67,117.500,-0.07022,7.519,-0.001
76.80,117.600,-0.07005,7.531,-0.001
76.97,117.700,-0.06984,7.548,-0.001
77.13,117.800,-0.06963,7.564,-0.001
77.27,117.900,-0.06943,7.578,-0.001
77.42,118.000,-0.06926,7.593,-0.001
77.61,118.100,-0.06901,7.611,-0.001
77.77,118.200,-0.06880,7.627,-0.001
77.95,118.300,-0.06860,7.644,-0.001
78.11,118.400,-0.06835,7.660,-0.001
78.28,118.500,-0.06814,7.677,-0.001
78.45,118.600,-0.06793,7.693,-0.001
78.59,118.700,-0.06772,7.707,-0.001
78.73,118.800,-0.06752,7.721,-0.001
78.92,118.900,-0.06731,7.739,-0.001
79.08,119.000,-0.06710,7.755,-0.001
79.21,119.100,-0.06689,7.768,-0.001
79.36,119.200,-0.06673,7.783,-0.001
79.51,119.300,-0.06656,7.797,-0.001
79.63,119.400,-0.06639,7.809,-0.001
79.72,119.500,-0.06623,7.818,-0.001
79.85,119.600,-0.06606,7.831,-0.001
79.98,119.700,-0.06589,7.843,-0.001
80.09,119.800,-0.06577,7.855,-0.001
80.20,119.900,-0.06560,7.865,-0.001
80.34,120.000,-0.06548,7.879,-0.001
80.45,120.100,-0.06531,7.890,-0.001
80.55,120.200,-0.06519,7.899,-0.001
80.68,120.300,-0.06506,7.912,-0.001
80.78,120.400,-0.06490,7.922,-0.001
80.89,120.500,-0.06477,7.933,-0.001
81.01,120.600,-0.06465,7.944,-0.001
81.11,120.700,-0.06452,7.954,-0.001
81.25,120.800,-0.06436,7.968,-0.001
81.37,120.900,-0.06423,7.979,-0.001
81.49,121.000,-0.06407,7.992,-0.001
81.62,121.100,-0.06394,8.004,-0.001
81.75,121.200,-0.06378,8.017,-0.001
81.87,121.300,-0.06365,8.029,-0.001
81.97,121.400,-0.06348,8.039,-0.001
82.10,121.500,-0.06332,8.052,-0.001
82.20,121.600,-0.06319,8.062,-0.001
82.33,121.700,-0.06303,8.074,-0.001
82.43,121.800,-0.06286,8.084,-0.001
82.56,121.900,-0.06270,8.096,-0.001
82.66,122.000,-0.06257,8.106,-0.001
82.80,122.100,-0.06240,8.120,-0.001
82.93,122.200,-0.06224,8.132,-0.001
83.09,122.300,-0.06207,8.148,-0.001
83.21,122.400,-0.06191,8.160,-0.001
83.38,122.500,-0.06174,8.176,-0.001
83.53,122.600,-0.06157,8.192,-0.001
83.67,122.700,-0.06145,8.206,-0.001
83.84,122.800,-0.06124,8.222,-0.001
84.00,122.900,-0.06107,8.237,-0.001
84.20,123.000,-0.06091,8.257,-0.001
84.39,123.100,-0.06074,8.276,-0.001
84.56,123.200,-0.06053,8.293,-0.001
84.75,123.300,-0.06033,8.311,-0.001
84.94,123.400,-0.06016,8.329,-0.001
85.14,123.500,-0.05995,8.350,-0.001
85.30,123.600,-0.05974,8.365,-0.001
85.54,123.700,-0.05954,8.389,-0.001
85.75,123.800,-0.05933,8.409,-0.001
85.90,123.900,-0.05908,8.424,-0.001
86.07,124.000,-0.05887,8.441,-0.001
86.26,124.100,-0.05866,8.459,-0.001
86.40,124.200,-0.05846,8.473,-0.001
86.57,124.300,-0.05825,8.489,-0.001
86.76,124.400,-0.05804,8.508,-0.001
86.92,124.500,-0.05787,8.524,-0.001
87.05,124.600,-0.05767,8.537,-0.001
87.19,124.700,-0.05746,8.551,-0.001
87.36,124.800,-0.05729,8.567,-0.001
87.49,124.900,-0.05713,8.580,-0.001
87.61,125.000,-0.05696,8.592,-0.001
87.74,125.100,-0.05679,8.604,-0.001
87.84,125.200,-0.05663,8.614,-0.001
87.98,125.300,-0.05646,8.628,-0.001
88.08,125.400,-0.05634,8.638,-0.001
88.21,125.500,-0.05617,8.650,-0.001
88.30,125.600,-0.05605,8.660,-0.001
88.43,125.700,-0.05588,8.672,-0.001
88.56,125.800,-0.05576,8.685,-0.001
88.69,125.900,-0.05559,8.697,-0.001
88.82,126.000,-0.05546,8.710,-0.001
88.93,126.100,-0.05534,8.721,-0.001
89.07,126.200,-0.05522,8.735,-0.001
89.22,126.300,-0.05505,8.749,-0.001
89.36,126.400,-0.05492,8.763,-0.001
89.49,126.500,-0.05480,8.776,-0.001
89.62,126.600,-0.05463,8.789,-0.001
89.77,126.700,-0.05451,8.803,-0.001
89.93,126.800,-0.05434,8.819,-0.001
90.04,126.900,-0.05422,8.830,-0.001
90.20,127.000,-0.05405,8.846,-0.001
90.36,127.100,-0.05393,8.861,-0.001
90.51,127.200,-0.05376,8.876,-0.001
90.65,127.300,-0.05364,8.890,-0.001
90.77,127.400,-0.05347,8.902,-0.001
90.93,127.500,-0.05330,8.917,-0.001
91.09,127.600,-0.05318,8.933,-0.001
91.22,127.700,-0.05301,8.946,-0.001
91.36,127.800,-0.05285,8.959,-0.001
91.49,127.900,-0.05272,8.972,-0.001
91.62,128.000,-0.05256,8.985,-0.001
91.79,128.100,-0.05239,9.001,-0.001
91.96,128.200,-0.05222,9.018,-0.001
92.12,128.300,-0.05210,9.034,-0.001
92.25,128.400,-0.05193,9.046,-0.001
92.43,128.500,-0.05177,9.065,-0.001
92.56,128.600,-0.05160,9.077,-0.001
92.74,128.700,-0.05143,9.095,-0.001
92.88,128.800,-0.05123,9.108,-0.001
93.08,128.900,-0.05106,9.128,-0.001
93.30,129.000,-0.05085,9.150,-0.001
93.50,129.100,-0.05064,9.169,-0.001
93.64,129.200,-0.05044,9.183,-0.001
93.83,129.300,-0.05023,9.202,-0.001
94.00,129.400,-0.05002,9.219,-0.001
94.16,129.500,-0.04981,9.234,-0.001
94.30,129.600,-0.04960,9.247,-0.001
94.46,129.700,-0.04936,9.264,-0.001
94.55,129.800,-0.04915,9.272,-0.001
94.62,129.900,-0.04894,9.279,-0.001
94.71,130.000,-0.04873,9.288,-0.001
94.74,130.100,-0.04852,9.291,-0.001
94.79,130.200,-0.04836,9.296,-0.001
94.83,130.300,-0.04815,9.300,-0.001
94.89,130.400,-0.04798,9.305,-0.001
94.94,130.500,-0.04782,9.311,-0.001
94.96,130.600,-0.04765,9.313,-0.001
94.97,130.700,-0.04749,9.313,-0.001
94.97,130.800,-0.04732,9.313,-0.001
94.89,130.900,-0.04715,9.306,-0.001
94.80,131.000,-0.04703,9.297,-0.001
94.61,131.100,-0.04686,9.279,-0.001
94.39,131.200,-0.04674,9.257,-0.001
94.19,131.300,-0.04661,9.237,-0.001
94.06,131.400,-0.04645,9.224,-0.001
93.91,131.500,-0.04632,9.210,-0.001
93.86,131.600,-0.04620,9.205,-0.001
93.78,131.700,-0.04607,9.197,-0.001
93.74,131.800,-0.04591,9.193,-0.001
93.69,131.900,-0.04578,9.188,-0.001
93.67,132.000,-0.04566,9.186,-0.001
93.60,132.100,-0.04553,9.179,-0.001
93.56,132.200,-0.04537,9.175,-0.001
93.51,132.300,-0.04524,9.170,-0.001
93.51,132.400,-0.04512,9.170,-0.001
93.50,132.500,-0.04495,9.169,-0.001
93.56,132.600,-0.04483,9.175,-0.001
93.61,132.700,-0.04466,9.180,-0.001
93.66,132.800,-0.04454,9.185,-0.001
93.73,132.900,-0.04437,9.192,-0.001
93.82,133.000,-0.04420,9.200,-0.001
93.87,133.100,-0.04408,9.205,-0.001
93.96,133.200,-0.04391,9.214,-0.001
94.05,133.300,-0.04375,9.224,-0.001
94.17,133.400,-0.04362,9.235,-0.001
94.28,133.500,-0.04345,9.246,-0.001
94.40,133.600,-0.04329,9.258,-0.001
94.50,133.700,-0.04316,9.268,-0.001
94.60,133.800,-0.04300,9.277,-0.001
94.72,133.900,-0.04283,9.289,-0.001
94.87,134.000,-0.04267,9.304,-0.001
94.99,134.100,-0.04250,9.315,-0.001
95.13,134.200,-0.04233,9.329,-0.001
95.28,134.300,-0.04217,9.343,-0.001
95.40,134.400,-0.04200,9.356,-0.001
95.49,134.500,-0.04183,9.365,-0.001
95.61,134.600,-0.04167,9.376,-0.001
95.68,134.700,-0.04146,9.383,-0.001
95.72,134.800,-0.04125,9.387,-0.001
95.79,134.900,-0.04109,9.393,-0.001
95.92,135.000,-0.04084,9.406,-0.001
96.06,135.100,-0.04063,9.420,-0.001
96.18,135.200,-0.04042,9.432,-0.001
96.33,135.300,-0.04021,9.447,-0.001
96.46,135.400,-0.04001,9.459,-0.001
96.59,135.500,-0.03980,9.473,-0.001
96.66,135.600,-0.03959,9.480,-0.001
96.79,135.700,-0.03938,9.492,-0.001
96.85,135.800,-0.03917,9.498,-0.001
96.96,135.900,-0.03897,9.509,-0.001
97.09,136.000,-0.03880,9.522,-0.001
97.24,136.100,-0.03859,9.536,-0.001
97.36,136.200,-0.03843,9.548,-0.001
97.47,136.300,-0.03826,9.559,-0.001
97.58,136.400,-0.03809,9.569,-0.001
97.70,136.500,-0.03793,9.581,-0.001
97.76,136.600,-0.03776,9.587,-0.001
97.83,136.700,-0.03764,9.593,-0.001
97.82,136.800,-0.03747,9.593,-0.001
97.82,136.900,-0.03730,9.593,-0.001
97.78,137.000,-0.03718,9.589,-0.001
97.78,137.100,-0.03706,9.589,-0.001
97.76,137.200,-0.03689,9.587,-0.001
97.77,137.300,-0.03676,9.588,-0.001
97.76,137.400,-0.03664,9.587,-0.001
97.79,137.500,-0.03647,9.590,-0.001
97.78,137.600,-0.03635,9.589,-0.001
97.74,137.700,-0.03622,9.585,-0.001
97.66,137.800,-0.03610,9.577,-0.001
97.62,137.900,-0.03597,9.573,-0.001
97.59,138.000,-0.03581,9.571,-0.001
97.62,138.100,-0.03568,9.573,-0.001
97.68,138.200,-0.03552,9.579,-0.001
97.75,138.300,-0.03539,9.586,-0.001
97.82,138.400,-0.03523,9.592,-0.001
97.93,138.500,-0.03510,9.603,-0.001
98.00,138.600,-0.03498,9.610,-0.001
98.12,138.700,-0.03481,9.622,-0.001
98.21,138.800,-0.03464,9.632,-0.001
98.34,138.900,-0.03448,9.644,-0.001
98.42,139.000,-0.03435,9.652,-0.001
98.50,139.100,-0.03419,9.660,-0.001
98.55,139.200,-0.03402,9.665,-0.001
98.59,139.300,-0.03390,9.669,-0.001
98.58,139.400,-0.03373,9.668,-0.001
98.53,139.500,-0.03356,9.663,-0.001
98.41,139.600,-0.03340,9.651,-0.001
98.24,139.700,-0.03323,9.634,-0.001
98.13,139.800,-0.03307,9.624,-0.001
98.07,139.900,-0.03294,9.618,-0.001
98.09,140.000,-0.03273,9.620,-0.001
98.16,140.100,-0.03257,9.626,-0.001
98.23,140.200,-0.03240,9.633,-0.001
98.35,140.300,-0.03223,9.645,-0.001
98.52,140.400,-0.03203,9.662,-0.001
98.70,140.500,-0.03186,9.679,-0.001
98.86,140.600,-0.03165,9.695,-0.001
99.04,140.700,-0.03145,9.713,-0.001
99.21,140.800,-0.03124,9.729,-0.001
99.38,140.900,-0.03103,9.746,-0.001
99.50,141.000,-0.03082,9.758,-0.001
99.60,141.100,-0.03061,9.768,-0.001
99.69,141.200,-0.03036,9.777,-0.001
99.76,141.300,-0.03016,9.783,-0.001
99.86,141.400,-0.02995,9.793,-0.001
99.94,141.500,-0.02978,9.801,-0.001
100.05,141.600,-0.02958,9.812,-0.001
100.17,141.700,-0.02937,9.823,-0.001
100.27,141.800,-0.02920,9.833,-0.001
100.37,141.900,-0.02899,9.843,-0.001
100.51,142.000,-0.02883,9.857,-0.001
100.63,142.100,-0.02866,9.869,-0.001
100.73,142.200,-0.02849,9.878,-0.001
100.87,142.300,-0.02833,9.892,-0.001
101.00,142.400,-0.02820,9.905,-0.001
101.11,142.500,-0.02804,9.916,-0.001
101.22,142.600,-0.02787,9.926,-0.001
101.32,142.700,-0.02775,9.936,-0.001
101.43,142.800,-0.02758,9.947,-0.001
101.50,142.900,-0.02746,9.953,-0.001
101.59,143.000,-0.02733,9.962,-0.001
101.66,143.100,-0.02721,9.970,-0.001
101.74,143.200,-0.02708,9.978,-0.001
101.80,143.300,-0.02692,9.984,-0.001
101.89,143.400,-0.02679,9.992,-0.001
101.95,143.500,-0.02667,9.998,-0.001
102.05,143.600,-0.02654,10.008,-0.001
102.09,143.700,-0.02638,10.012,-0.001
102.17,143.800,-0.02625,10.020,-0.001
102.22,143.900,-0.02613,10.024,-0.001
102.30,144.000,-0.02596,10.032,-0.001
102.36,144.100,-0.02584,10.038,-0.001
102.44,144.200,-0.02567,10.046,-0.001
102.55,144.300,-0.02554,10.057,-0.001
102.70,144.400,-0.02538,10.071,0.000
102.81,144.500,-0.02525,10.082,0.000
102.97,144.600,-0.02509,10.098,0.000
103.13,144.700,-0.02492,10.114,0.000
103.31,144.800,-0.02480,10.132,0.000
103.41,144.900,-0.02463,10.141,0.000
103.61,145.000,-0.02446,10.160,0.000
103.75,145.100,-0.02434,10.174,0.000
103.94,145.200,-0.02417,10.193,0.000
104.07,145.300,-0.02401,10.206,0.000
104.30,145.400,-0.02384,10.228,0.000
104.51,145.500,-0.02367,10.249,0.000
104.71,145.600,-0.02355,10.268,0.000
104.95,145.700,-0.02338,10.292,0.000
105.21,145.800,-0.02322,10.317,0.000
105.42,145.900,-0.02305,10.338,0.000
105.71,146.000,-0.02284,10.366,0.000
106.03,146.100,-0.02268,10.398,0.000
106.33,146.200,-0.02247,10.427,0.000
106.61,146.300,-0.02226,10.455,0.000
106.91,146.400,-0.02205,10.484,0.000
107.19,146.500,-0.02185,10.512,0.000
107.52,146.600,-0.02164,10.544,0.000
107.81,146.700,-0.02143,10.573,0.000
108.13,146.800,-0.02118,10.604,0.000
108.45,146.900,-0.02097,10.635,0.000
108.73,147.000,-0.02077,10.663,0.000
109.01,147.100,-0.02056,10.690,0.000
109.34,147.200,-0.02035,10.723,0.000
109.65,147.300,-0.02014,10.753,0.000
109.96,147.400,-0.01993,10.784,0.000
110.25,147.500,-0.01977,10.812,0.000
110.53,147.600,-0.01956,10.839,0.000
110.79,147.700,-0.01939,10.864,0.000
111.03,147.800,-0.01923,10.888,0.000
111.28,147.900,-0.01906,10.913,0.000
111.57,148.000,-0.01890,10.941,0.000
111.77,148.100,-0.01877,10.961,0.000
112.00,148.200,-0.01860,10.983,0.000
112.21,148.300,-0.01848,11.005,0.000
112.47,148.400,-0.01831,11.029,0.000
112.66,148.500,-0.01819,11.049,0.000
112.87,148.600,-0.01802,11.069,0.000
113.06,148.700,-0.01790,11.088,0.000
113.32,148.800,-0.01777,11.113,0.000
113.52,148.900,-0.01761,11.132,0.000
113.73,149.000,-0.01748,11.153,0.000
113.92,149.100,-0.01736,11.172,0.000
114.12,149.200,-0.01723,11.191,0.000
114.31,149.300,-0.01711,11.210,0.000
114.55,149.400,-0.01694,11.233,0.000
114.75,149.500,-0.01682,11.253,0.000
114.96,149.600,-0.01665,11.274,0.000
115.17,149.700,-0.01653,11.295,0.000
115.35,149.800,-0.01636,11.312,0.000
115.56,149.900,-0.01624,11.332,0.000
115.76,150.000,-0.01607,11.352,0.000
115.95,150.100,-0.01590,11.371,0.000
116.18,150.200,-0.01578,11.394,0.000
116.33,150.300,-0.01561,11.408,0.000
116.54,150.400,-0.01549,11.428,0.000
116.72,150.500,-0.01532,11.446,0.000
116.93,150.600,-0.01516,11.467,0.000
117.12,150.700,-0.01499,11.485,0.000
117.27,150.800,-0.01482,11.501,0.000
117.40,150.900,-0.01470,11.513,0.000
117.59,151.000,-0.01453,11.531,0.000
117.72,151.100,-0.01437,11.544,0.000
117.91,151.200,-0.01420,11.563,0.000
118.04,151.300,-0.01403,11.576,0.000
118.17,151.400,-0.01387,11.588,0.000
118.29,151.500,-0.01366,11.600,0.000
118.46,151.600,-0.01349,11.617,0.000
118.56,151.700,-0.01329,11.627,0.000
118.68,151.800,-0.01312,11.639,0.000
118.76,151.900,-0.01291,11.647,0.000
118.83,152.000,-0.01270,11.654,0.000
118.83,152.100,-0.01245,11.653,0.000
118.78,152.200,-0.01225,11.648,0.000
118.68,152.300,-0.01204,11.639,0.000
118.54,152.400,-0.01179,11.625,0.000
118.31,152.500,-0.01158,11.603,0.000
118.07,152.600,-0.01137,11.579,0.000
117.77,152.700,-0.01112,11.549,0.000
117.33,152.800,-0.01092,11.506,0.000
116.88,152.900,-0.01071,11.463,0.000
116.46,153.000,-0.01050,11.420,0.000
116.01,153.100,-0.01033,11.377,0.000
115.67,153.200,-0.01013,11.343,0.000
115.36,153.300,-0.00996,11.313,0.000
115.17,153.400,-0.00979,11.294,0.000
114.98,153.500,-0.00959,11.275,0.000
114.78,153.600,-0.00946,11.256,0.000
114.59,153.700,-0.00930,11.238,0.000
114.46,153.800,-0.00913,11.225,0.000
114.35,153.900,-0.00896,11.214,0.000
114.27,154.000,-0.00884,11.206,0.000
114.16,154.100,-0.00867,11.195,0.000
114.07,154.200,-0.00855,11.186,0.000
114.00,154.300,-0.00842,11.180,0.000
113.96,154.400,-0.00826,11.176,0.000
113.87,154.500,-0.00813,11.167,0.000
113.80,154.600,-0.00801,11.160,0.000
113.75,154.700,-0.00784,11.155,0.000
113.72,154.800,-0.00772,11.152,0.000
113.66,154.900,-0.00759,11.146,0.000
113.64,155.000,-0.00743,11.145,0.000
113.61,155.100,-0.00730,11.141,0.000
113.57,155.200,-0.00713,11.138,0.000
113.55,155.300,-0.00701,11.135,0.000
113.56,155.400,-0.00684,11.136,0.000
113.54,155.500,-0.00668,11.134,0.000
113.50,155.600,-0.00655,11.130,0.000
113.45,155.700,-0.00639,11.126,0.000
113.42,155.800,-0.00622,11.123,0.000
113.35,155.900,-0.00610,11.116,0.000
113.29,156.000,-0.00593,11.110,0.000
113.25,156.100,-0.00576,11.106,0.000
113.22,156.200,-0.00560,11.103,0.000
113.21,156.300,-0.00543,11.102,0.000
113.21,156.400,-0.00531,11.103,0.000
113.23,156.500,-0.00514,11.104,0.000
113.25,156.600,-0.00497,11.106,0.000
113.25,156.700,-0.00481,11.107,0.000
113.25,156.800,-0.00464,11.107,0.000
113.28,156.900,-0.00448,11.109,0.000
113.30,157.000,-0.00431,11.111,0.000
113.34,157.100,-0.00414,11.115,0.000
113.36,157.200,-0.00394,11.117,0.000
113.36,157.300,-0.00377,11.117,0.000
113.32,157.400,-0.00356,11.113,0.000
113.26,157.500,-0.00335,11.107,0.000
113.21,157.600,-0.00319,11.102,0.000
113.14,157.700,-0.00294,11.095,0.000
112.99,157.800,-0.00273,11.081,0.000
112.75,157.900,-0.00252,11.057,0.000
112.34,158.000,-0.00231,11.017,0.000
111.82,158.100,-0.00207,10.966,0.000
111.20,158.200,-0.00186,10.905,0.000
110.38,158.300,-0.00165,10.825,0.000
109.37,158.400,-0.00144,10.726,0.000
108.35,158.500,-0.00128,10.625,0.000
107.66,158.600,-0.00107,10.558,0.000
107.22,158.700,-0.00086,10.514,0.000
106.97,158.800,-0.00069,10.490,0.000
106.77,158.900,-0.00053,10.471,0.000
106.60,159.000,-0.00036,10.454,0.000
106.50,159.100,-0.00020,10.444,0.000
106.40,159.200,-0.00003,10.435,0.000
106.31,159.300,0.00014,10.425,0.000
106.23,159.400,0.00026,10.418,0.000
106.15,159.500,0.00043,10.410,0.000
106.08,159.600,0.00059,10.403,0.000
105.99,159.700,0.00072,10.394,0.000
105.94,159.800,0.00089,10.389,0.000
105.88,159.900,0.00101,10.383,0.000
105.81,160.000,0.00113,10.376,0.000
105.76,160.100,0.00130,10.372,0.000
105.75,160.200,0.00143,10.371,0.000
105.77,160.300,0.00155,10.372,0.000
105.78,160.400,0.00167,10.374,0.000
105.80,160.500,0.00184,10.376,0.000
105.85,160.600,0.00197,10.381,0.000
105.91,160.700,0.00209,10.386,0.000
105.99,160.800,0.00226,10.395,0.000
106.06,160.900,0.00238,10.401,0.000
106.15,161.000,0.00255,10.410,0.000
106.23,161.100,0.00267,10.418,0.000
106.34,161.200,0.00284,10.428,0.000
106.43,161.300,0.00300,10.437,0.000
106.55,161.400,0.00313,10.449,0.000
106.65,161.500,0.00330,10.459,0.000
106.74,161.600,0.00346,10.467,0.000
106.85,161.700,0.00363,10.479,0.000
106.97,161.800,0.00375,10.490,0.000
107.06,161.900,0.00392,10.499,0.000
107.17,162.000,0.00409,10.510,0.000
107.32,162.100,0.00425,10.524,0.000
107.44,162.200,0.00442,10.536,0.000
107.58,162.300,0.00458,10.550,0.000
107.71,162.400,0.00471,10.563,0.000
107.83,162.500,0.00487,10.574,0.000
107.96,162.600,0.00504,10.587,0.000
108.09,162.700,0.00521,10.600,0.000
108.24,162.800,0.00541,10.614,0.000
108.44,162.900,0.00558,10.634,0.000
108.61,163.000,0.00579,10.652,0.000
108.80,163.100,0.00600,10.670,0.000
108.99,163.200,0.00620,10.688,0.000
109.19,163.300,0.00645,10.708,0.000
109.37,163.400,0.00666,10.725,0.000
109.59,163.500,0.00687,10.747,0.000
109.78,163.600,0.00708,10.766,0.000
110.00,163.700,0.00733,10.787,0.000
110.19,163.800,0.00753,10.806,0.000
110.34,163.900,0.00774,10.820,0.000
110.50,164.000,0.00795,10.836,0.000
110.69,164.100,0.00816,10.855,0.000
110.81,164.200,0.00837,10.867,0.000
110.99,164.300,0.00853,10.884,0.000
111.14,164.400,0.00874,10.899,0.000
111.29,164.500,0.00891,10.914,0.000
111.40,164.600,0.00907,10.924,0.000
111.53,164.700,0.00924,10.938,0.000
111.66,164.800,0.00940,10.950,0.000
111.79,164.900,0.00957,10.963,0.000
111.89,165.000,0.00974,10.973,0.000
112.02,165.100,0.00986,10.985,0.000
112.15,165.200,0.01003,10.998,0.000
112.32,165.300,0.01015,11.015,0.000
112.44,165.400,0.01032,11.026,0.000
112.58,165.500,0.01044,11.041,0.000
112.70,165.600,0.01057,11.053,0.000
112.85,165.700,0.01069,11.067,0.000
112.99,165.800,0.01086,11.080,0.000
113.17,165.900,0.01098,11.098,0.000
113.32,166.000,0.01111,11.113,0.000
113.48,166.100,0.01123,11.129,0.000
113.67,166.200,0.01140,11.148,0.000
113.86,166.300,0.01152,11.166,0.000
114.07,166.400,0.01165,11.186,0.000
114.25,166.500,0.01181,11.204,0.000
114.44,166.600,0.01194,11.223,0.000
114.63,166.700,0.01211,11.241,0.000
114.83,166.800,0.01223,11.261,0.000
115.04,166.900,0.01240,11.282,0.000
115.26,167.000,0.01256,11.303,0.000
115.44,167.100,0.01269,11.320,0.000
115.65,167.200,0.01285,11.341,0.000
115.82,167.300,0.01302,11.358,0.000
116.00,167.400,0.01314,11.376,0.000
116.17,167.500,0.01331,11.393,0.000
116.38,167.600,0.01348,11.413,0.000
116.55,167.700,0.01364,11.429,0.000
116.74,167.800,0.01377,11.448,0.000
116.92,167.900,0.01393,11.466,0.000
117.12,168.000,0.01410,11.486,0.000
117.27,168.100,0.01427,11.501,0.000
117.47,168.200,0.01443,11.520,0.000
117.69,168.300,0.01460,11.541,0.000
117.93,168.400,0.01477,11.565,0.000
118.17,168.500,0.01493,11.588,0.000
118.42,168.600,0.01514,11.613,0.000
118.65,168.700,0.01531,11.635,0.000
118.90,168.800,0.01551,11.660,0.000
119.13,168.900,0.01572,11.683,0.000
119.38,169.000,0.01589,11.707,0.000
119.67,169.100,0.01614,11.735,0.000
119.91,169.200,0.01634,11.759,0.000
120.17,169.300,0.01655,11.784,0.000
120.43,169.400,0.01676,11.810,0.000
120.69,169.500,0.01701,11.836,0.000
120.95,169.600,0.01718,11.861,0.000
121.18,169.700,0.01738,11.883,0.000
121.39,169.800,0.01759,11.904,0.000
121.60,169.900,0.01780,11.925,0.000
121.84,170.000,0.01801,11.948,0.000
122.09,170.100,0.01817,11.973,0.000
122.32,170.200,0.01834,11.995,0.000
122.56,170.300,0.01855,12.020,0.000
122.79,170.400,0.01871,12.042,0.000
123.01,170.500,0.01888,12.064,0.000
123.19,170.600,0.01905,12.081,0.000
123.39,170.700,0.01917,12.100,0.000
123.56,170.800,0.01934,12.117,0.000
123.74,170.900,0.01946,12.135,0.000
123.92,171.000,0.01963,12.152,0.000
124.09,171.100,0.01975,12.169,0.000
124.25,171.200,0.01992,12.184,0.000
124.41,171.300,0.02004,12.200,0.000
124.53,171.400,0.02017,12.212,0.000
124.67,171.500,0.02033,12.226,0.000
124.78,171.600,0.02046,12.237,0.000
124.94,171.700,0.02058,12.253,0.000
125.08,171.800,0.02071,12.266,0.000
125.25,171.900,0.02087,12.283,0.000
125.40,172.000,0.02100,12.298,0.000
125.61,172.100,0.02112,12.318,0.000
125.76,172.200,0.02129,12.333,0.000
125.97,172.300,0.02141,12.353,0.000
126.15,172.400,0.02158,12.371,0.000
126.38,172.500,0.02175,12.394,0.000
126.55,172.600,0.02187,12.411,0.000
126.78,172.700,0.02204,12.433,0.000
126.97,172.800,0.02220,12.452,0.000
127.22,172.900,0.02233,12.476,0.000
127.41,173.000,0.02249,12.494,0.000
127.63,173.100,0.02262,12.517,0.000
127.82,173.200,0.02279,12.535,0.000
128.05,173.300,0.02295,12.557,0.000
128.27,173.400,0.02312,12.579,0.000
128.51,173.500,0.02324,12.602,0.000
128.69,173.600,0.02341,12.620,0.000
128.92,173.700,0.02357,12.643,0.000
129.11,173.800,0.02374,12.662,0.000
129.35,173.900,0.02391,12.685,0.000
129.58,174.000,0.02407,12.708,0.000
129.83,174.100,0.02424,12.732,0.000
130.10,174.200,0.02441,12.759,0.000
130.38,174.300,0.02461,12.786,0.000
130.66,174.400,0.02478,12.814,0.000
130.93,174.500,0.02495,12.840,0.000
131.23,174.600,0.02515,12.870,0.000
131.54,174.700,0.02536,12.899,0.000
131.83,174.800,0.02557,12.928,0.001
132.14,174.900,0.02578,12.959,0.001
132.44,175.000,0.02599,12.988,0.001
132.77,175.100,0.02619,13.020,0.001
133.06,175.200,0.02640,13.049,0.001
133.36,175.300,0.02665,13.078,0.001
133.62,175.400,0.02682,13.104,0.001
133.87,175.500,0.02702,13.129,0.001
134.12,175.600,0.02723,13.153,0.001
134.38,175.700,0.02740,13.178,0.001
134.61,175.800,0.02756,13.201,0.001
134.84,175.900,0.02777,13.224,0.001
135.08,176.000,0.02794,13.247,0.001
135.25,176.100,0.02810,13.264,0.001
135.44,176.200,0.02827,13.282,0.001
135.60,176.300,0.02844,13.298,0.001
135.76,176.400,0.02856,13.314,0.001
135.93,176.500,0.02873,13.330,0.001
136.10,176.600,0.02885,13.346,0.001
136.23,176.700,0.02902,13.360,0.001
136.39,176.800,0.02914,13.376,0.001
136.51,176.900,0.02931,13.387,0.001
136.67,177.000,0.02943,13.403,0.001
136.77,177.100,0.02956,13.412,0.001
136.96,177.200,0.02968,13.431,0.001
137.08,177.300,0.02981,13.443,0.001
137.25,177.400,0.02997,13.460,0.001
137.40,177.500,0.03010,13.474,0.001
137.59,177.600,0.03022,13.493,0.001
137.76,177.700,0.03035,13.510,0.001
137.94,177.800,0.03051,13.528,0.001
138.10,177.900,0.03064,13.543,0.001
138.31,178.000,0.03076,13.564,0.001
138.50,178.100,0.03093,13.582,0.001
138.74,178.200,0.03105,13.606,0.001
138.92,178.300,0.03122,13.623,0.001
139.20,178.400,0.03139,13.651,0.001
139.43,178.500,0.03151,13.673,0.001
139.68,178.600,0.03168,13.698,0.001
139.90,178.700,0.03180,13.720,0.001
140.16,178.800,0.03197,13.746,0.001
140.38,178.900,0.03214,13.767,0.001
140.65,179.000,0.03226,13.793,0.001
140.86,179.100,0.03243,13.813,0.001
141.14,179.200,0.03259,13.841,0.001
141.37,179.300,0.03276,13.863,0.001
141.65,179.400,0.03288,13.891,0.001
141.91,179.500,0.03305,13.917,0.001
142.18,179.600,0.03322,13.943,0.001
142.45,179.700,0.03338,13.969,0.001
142.69,179.800,0.03355,13.993,0.001
142.98,179.900,0.03371,14.022,0.001
143.27,180.000,0.03388,14.050,0.001
143.53,180.100,0.03409,14.075,0.001
143.85,180.200,0.03430,14.107,0.001
144.15,180.300,0.03446,14.136,0.001
144.45,180.400,0.03467,14.166,0.001
144.73,180.500,0.03492,14.193,0.001
144.99,180.600,0.03513,14.219,0.001
145.26,180.700,0.03534,14.245,0.001
145.48,180.800,0.03554,14.266,0.001
145.67,180.900,0.03579,14.285,0.001
145.91,181.000,0.03600,14.309,0.001
146.13,181.100,0.03621,14.330,0.001
146.38,181.200,0.03642,14.355,0.001
146.64,181.300,0.03658,14.381,0.001
146.89,181.400,0.03679,14.405,0.001
147.12,181.500,0.03700,14.427,0.001
147.30,181.600,0.03716,14.446,0.001
147.52,181.700,0.03733,14.467,0.001
147.67,181.800,0.03750,14.482,0.001
147.91,181.900,0.03766,14.505,0.001
148.08,182.000,0.03783,14.522,0.001
148.23,182.100,0.03795,14.537,0.001
148.38,182.200,0.03812,14.551,0.001
148.54,182.300,0.03824,14.566,0.001
148.67,182.400,0.03841,14.580,0.001
148.84,182.500,0.03853,14.597,0.001
149.00,182.600,0.03866,14.612,0.001
149.13,182.700,0.03883,14.625,0.001
149.28,182.800,0.03895,14.640,0.001
149.47,182.900,0.03908,14.658,0.001
149.62,183.000,0.03920,14.672,0.001
149.80,183.100,0.03937,14.690,0.001
149.97,183.200,0.03949,14.707,0.001
150.19,183.300,0.03962,14.729,0.001
150.35,183.400,0.03974,14.745,0.001
150.53,183.500,0.03991,14.762,0.001
150.70,183.600,0.04003,14.779,0.001
150.88,183.700,0.04020,14.796,0.001
151.02,183.800,0.04032,14.810,0.001
151.18,183.900,0.04049,14.826,0.001
151.34,184.000,0.04061,14.842,0.001
151.52,184.100,0.04078,14.859,0.001
151.70,184.200,0.04095,14.877,0.001
151.89,184.300,0.04107,14.896,0.001
152.03,184.400,0.04124,14.910,0.001
152.22,184.500,0.04140,14.928,0.001
152.40,184.600,0.04153,14.945,0.001
152.59,184.700,0.04169,14.964,0.001
152.77,184.800,0.04186,14.982,0.001
152.95,184.900,0.04203,14.999,0.001
153.15,185.000,0.04219,15.019,0.001
153.28,185.100,0.04236,15.031,0.001
153.46,185.200,0.04252,15.049,0.001
153.63,185.300,0.04269,15.066,0.001
153.84,185.400,0.04286,15.086,0.001
154.07,185.500,0.04302,15.109,0.001
154.32,185.600,0.04319,15.134,0.001
154.58,185.700,0.04340,15.159,0.001
154.85,185.800,0.04356,15.186,0.001
155.14,185.900,0.04377,15.214,0.001
155.42,186.000,0.04398,15.242,0.001
155.73,186.100,0.04419,15.272,0.001
156.05,186.200,0.04439,15.304,0.001
156.39,186.300,0.04464,15.337,0.001
156.75,186.400,0.04485,15.372,0.001
157.09,186.500,0.04506,15.406,0.001
157.40,186.600,0.04531,15.436,0.001
157.68,186.700,0.04552,15.464,0.001
157.96,186.800,0.04572,15.491,0.001
158.24,186.900,0.04593,15.518,0.001
158.52,187.000,0.04614,15.546,0.001
158.74,187.100,0.04635,15.567,0.001
158.93,187.200,0.04651,15.586,0.001
159.10,187.300,0.04668,15.603,0.001
159.26,187.400,0.04689,15.619,0.001
159.42,187.500,0.04705,15.634,0.001
159.57,187.600,0.04722,15.648,0.001
159.74,187.700,0.04739,15.665,0.001
159.91,187.800,0.04751,15.681,0.001
160.06,187.900,0.04768,15.697,0.001
160.27,188.000,0.04784,15.717,0.001
160.45,188.100,0.04797,15.735,0.001
160.65,188.200,0.04813,15.754,0.001
160.86,188.300,0.04826,15.775,0.001
161.04,188.400,0.04838,15.792,0.001
161.22,188.500,0.04855,15.810,0.001
161.40,188.600,0.04867,15.828,0.001
161.59,188.700,0.04880,15.846,0.001
161.77,188.800,0.04897,15.865,0.001
161.94,188.900,0.04909,15.881,0.001
162.11,189.000,0.04921,15.898,0.001
162.34,189.100,0.04938,15.920,0.001
162.52,189.200,0.04951,15.938,0.001
162.73,189.300,0.04967,15.958,0.001
162.91,189.400,0.04980,15.976,0.001
163.11,189.500,0.04996,15.996,0.001
163.27,189.600,0.05013,16.011,0.001
163.46,189.700,0.05025,16.030,0.001
163.63,189.800,0.05042,16.046,0.001
163.80,189.900,0.05059,16.063,0.001
163.96,190.000,0.05071,16.079,0.001
164.12,190.100,0.05088,16.094,0.001
164.27,190.200,0.05104,16.109,0.001
164.42,190.300,0.05121,16.124,0.001
164.55,190.400,0.05138,16.136,0.001
164.70,190.500,0.05154,16.151,0.001
164.84,190.600,0.05167,16.165,0.001
165.00,190.700,0.05183,16.181,0.001
165.12,190.800,0.05200,16.193,0.001
165.26,190.900,0.05217,16.206,0.001
165.39,191.000,0.05233,16.219,0.001
165.53,191.100,0.05250,16.234,0.001
165.69,191.200,0.05271,16.249,0.001
165.84,191.300,0.05287,16.264,0.001
165.99,191.400,0.05308,16.278,0.001
166.10,191.500,0.05329,16.289,0.001
166.23,191.600,0.05350,16.301,0.001
166.32,191.700,0.05370,16.310,0.001
166.35,191.800,0.05391,16.313,0.001
166.38,191.900,0.05412,16.316,0.001
166.44,192.000,0.05433,16.322,0.001
166.47,192.100,0.05458,16.325,0.001
166.54,192.200,0.05478,16.332,0.001
166.63,192.300,0.05499,16.341,0.001
166.76,192.400,0.05520,16.353,0.001
166.92,192.500,0.05537,16.369,0.001
167.09,192.600,0.05557,16.386,0.001
167.29,192.700,0.05578,16.406,0.001
167.48,192.800,0.05595,16.424,0.001
167.68,192.900,0.05615,16.444,0.001
167.88,193.000,0.05632,16.464,0.001
168.09,193.100,0.05649,16.484,0.001
168.27,193.200,0.05665,16.502,0.001
168.44,193.300,0.05682,16.518,0.001
168.66,193.400,0.05699,16.540,0.001
168.86,193.500,0.05711,16.559,0.001
169.02,193.600,0.05728,16.575,0.001
169.16,193.700,0.05744,16.589,0.001
169.32,193.800,0.05757,16.605,0.001
169.46,193.900,0.05773,16.618,0.001
169.55,194.000,0.05786,16.628,0.001
169.69,194.100,0.05798,16.641,0.001
169.78,194.200,0.05815,16.650,0.001
169.84,194.300,0.05827,16.655,0.001
169.85,194.400,0.05840,16.657,0.001
169.88,194.500,0.05852,16.660,0.001
169.91,194.600,0.05869,16.662,0.001
169.98,194.700,0.05881,16.669,0.001
170.03,194.800,0.05894,16.674,0.001
170.09,194.900,0.05911,16.680,0.001
170.19,195.000,0.05923,16.691,0.001
170.27,195.100,0.05940,16.697,0.001
170.37,195.200,0.05952,16.707,0.001
170.47,195.300,0.05969,16.717,0.001
170.57,195.400,0.05985,16.727,0.001
170.71,195.500,0.05998,16.741,0.001
170.86,195.600,0.06014,16.755,0.001
170.96,195.700,0.06027,16.765,0.001
171.07,195.800,0.06043,16.777,0.001
171.19,195.900,0.06060,16.789,0.001
171.33,196.000,0.06077,16.802,0.001
171.45,196.100,0.06089,16.814,0.001
171.54,196.200,0.06106,16.822,0.001
171.60,196.300,0.06122,16.828,0.001
171.70,196.400,0.06139,16.839,0.001
171.76,196.500,0.06156,16.844,0.001
171.80,196.600,0.06172,16.848,0.001
171.83,196.700,0.06189,16.850,0.001
171.81,196.800,0.06206,16.849,0.001
171.83,196.900,0.06222,16.851,0.001
171.89,197.000,0.06243,16.857,0.001
171.95,197.100,0.06264,16.862,0.001
171.99,197.200,0.06280,16.867,0.001
171.97,197.300,0.06301,16.864,0.001
171.84,197.400,0.06322,16.852,0.001
171.68,197.500,0.06347,16.836,0.001
171.42,197.600,0.06368,16.810,0.001
171.02,197.700,0.06388,16.772,0.001
170.40,197.800,0.06413,16.710,0.001
169.70,197.900,0.06434,16.642,0.001
169.27,198.000,0.06455,16.600,0.001
168.95,198.100,0.06476,16.569,0.001
168.52,198.200,0.06496,16.526,0.001
167.80,198.300,0.06513,16.456,0.001
166.96,198.400,0.06534,16.373,0.001
166.60,198.500,0.06555,16.338,0.001
166.47,198.600,0.06571,16.325,0.001
166.49,198.700,0.06588,16.327,0.001
166.58,198.800,0.06604,16.336,0.001
166.71,198.900,0.06621,16.348,0.001
166.83,199.000,0.06634,16.361,0.001
166.96,199.100,0.06650,16.373,0.001
167.11,199.200,0.06663,16.388,0.001
167.25,199.300,0.06679,16.402,0.001
167.41,199.400,0.06692,16.417,0.001
167.54,199.500,0.06704,16.430,0.001
167.70,199.600,0.06721,16.445,0.001
167.86,199.700,0.06733,16.462,0.001
167.99,199.800,0.06746,16.474,0.001
168.18,199.900,0.06758,16.493,0.001
168.33,200.000,0.06771,16.508,0.001
168.51,200.100,0.06783,16.525,0.001
168.71,200.200,0.06800,16.545,0.001
168.93,200.300,0.06812,16.567,0.001
169.16,200.400,0.06825,16.589,0.001
169.38,200.500,0.06841,16.610,0.001
169.58,200.600,0.06854,16.630,0.001
169.86,200.700,0.06870,16.657,0.001
170.08,200.800,0.06883,16.679,0.001
170.32,200.900,0.06900,16.703,0.001
170.59,201.000,0.06912,16.729,0.001
170.84,201.100,0.06929,16.754,0.001
171.06,201.200,0.06945,16.775,0.001
171.31,201.300,0.06958,16.800,0.001
171.54,201.400,0.06974,16.823,0.001
171.80,201.500,0.06991,16.848,0.001
172.05,201.600,0.07003,16.872,0.001
172.30,201.700,0.07020,16.897,0.001
172.56,201.800,0.07037,16.923,0.001
172.83,201.900,0.07053,16.949,0.001
173.10,202.000,0.07070,16.975,0.001
173.37,202.100,0.07087,17.002,0.001
173.65,202.200,0.07103,17.029,0.001
173.93,202.300,0.07120,17.057,0.001
174.21,202.400,0.07136,17.085,0.001
174.50,202.500,0.07153,17.113,0.001
174.81,202.600,0.07170,17.143,0.001
175.12,202.700,0.07190,17.174,0.001
175.44,202.800,0.07207,17.204,0.001
175.76,202.900,0.07228,17.236,0.001
176.10,203.000,0.07249,17.270,0.001
176.44,203.100,0.07269,17.303,0.001
176.79,203.200,0.07290,17.337,0.001
177.14,203.300,0.07311,17.372,0.001
177.52,203.400,0.07336,17.409,0.001
177.91,203.500,0.07357,17.447,0.001
178.27,203.600,0.07377,17.483,0.001
178.60,203.700,0.07398,17.514,0.001
178.90,203.800,0.07419,17.545,0.001
179.23,203.900,0.07440,17.577,0.001
179.53,204.000,0.07461,17.606,0.001
179.88,204.100,0.07477,17.640,0.001
180.21,204.200,0.07498,17.673,0.001
180.53,204.300,0.07515,17.704,0.001
180.86,204.400,0.07531,17.737,0.001
181.16,204.500,0.07548,17.765,0.001
181.47,204.600,0.07564,17.796,0.001
181.76,204.700,0.07577,17.825,0.001
182.06,204.800,0.07594,17.854,0.001
182.36,204.900,0.07610,17.884,0.001
182.66,205.000,0.07623,17.913,0.002
182.96,205.100,0.07639,17.942,0.002
183.25,205.200,0.07652,17.971,0.002
183.54,205.300,0.07664,17.999,0.002
183.83,205.400,0.07677,18.028,0.002
184.11,205.500,0.07693,18.055,0.002
184.40,205.600,0.07706,18.084,0.002
184.68,205.700,0.07718,18.111,0.002
184.97,205.800,0.07731,18.140,0.002
185.28,205.900,0.07743,18.170,0.002
185.61,206.000,0.07760,18.202,0.002
185.92,206.100,0.07772,18.233,0.002
186.26,206.200,0.07789,18.266,0.002
186.59,206.300,0.07801,18.299,0.002
186.91,206.400,0.07818,18.330,0.002
187.28,206.500,0.07830,18.366,0.002
187.63,206.600,0.07847,18.400,0.002
187.99,206.700,0.07859,18.436,0.002
188.33,206.800,0.07876,18.469,0.002
188.69,206.900,0.07893,18.504,0.002
189.04,207.000,0.07905,18.538,0.002
189.42,207.100,0.07922,18.575,0.002
189.80,207.200,0.07938,18.613,0.002
190.19,207.300,0.07951,18.651,0.002
190.57,207.400,0.07968,18.688,0.002
190.93,207.500,0.07984,18.724,0.002
191.31,207.600,0.08001,18.762,0.002
191.70,207.700,0.08017,18.799,0.002
192.10,207.800,0.08030,18.839,0.002
192.53,207.900,0.08046,18.881,0.002
192.95,208.000,0.08063,18.922,0.002
193.38,208.100,0.08080,18.964,0.002
193.82,208.200,0.08101,19.007,0.002
194.27,208.300,0.08117,19.052,0.002
194.72,208.400,0.08134,19.096,0.002
195.24,208.500,0.08155,19.146,0.002
195.75,208.600,0.08171,19.197,0.002
196.30,208.700,0.08192,19.250,0.002
196.83,208.800,0.08213,19.303,0.002
197.42,208.900,0.08233,19.360,0.002
197.94,209.000,0.08258,19.412,0.002
198.54,209.100,0.08279,19.470,0.002
199.15,209.200,0.08300,19.530,0.002
199.69,209.300,0.08321,19.583,0.002
200.22,209.400,0.08342,19.635,0.002
200.73,209.500,0.08362,19.685,0.002
201.22,209.600,0.08383,19.733,0.002
201.68,209.700,0.08400,19.778,0.002
202.14,209.800,0.08420,19.823,0.002
202.63,209.900,0.08437,19.872,0.002
203.10,210.000,0.08458,19.917,0.002
203.55,210.100,0.08475,19.962,0.002
203.93,210.200,0.08491,19.998,0.002
204.28,210.300,0.08504,20.033,0.002
204.67,210.400,0.08520,20.071,0.002
205.03,210.500,0.08537,20.107,0.002
205.40,210.600,0.08549,20.143,0.002
205.78,210.700,0.08566,20.180,0.002
206.15,210.800,0.08578,20.216,0.002
206.52,210.900,0.08595,20.253,0.002
206.86,211.000,0.08607,20.286,0.002
207.19,211.100,0.08620,20.318,0.002
207.48,211.200,0.08637,20.347,0.002
207.80,211.300,0.08649,20.378,0.002
208.14,211.400,0.08662,20.412,0.002
208.49,211.500,0.08674,20.446,0.002
208.84,211.600,0.08691,20.480,0.002
209.17,211.700,0.08703,20.513,0.002
209.53,211.800,0.08716,20.548,0.002
209.88,211.900,0.08732,20.583,0.002
210.24,212.000,0.08745,20.617,0.002
210.63,212.100,0.08757,20.656,0.002
210.98,212.200,0.08774,20.690,0.002
211.35,212.300,0.08786,20.727,0.002
211.74,212.400,0.08803,20.765,0.002
212.13,212.500,0.08819,20.803,0.002
212.52,212.600,0.08832,20.841,0.002
212.89,212.700,0.08849,20.877,0.002
213.19,212.800,0.08861,20.907,0.002
213.58,212.900,0.08878,20.945,0.002
213.99,213.000,0.08894,20.985,0.002
214.41,213.100,0.08911,21.026,0.002
214.79,213.200,0.08923,21.064,0.002
215.18,213.300,0.08940,21.103,0.002
215.54,213.400,0.08957,21.138,0.002
215.92,213.500,0.08973,21.175,0.002
216.32,213.600,0.08990,21.214,0.002
216.72,213.700,0.09006,21.253,0.002
217.10,213.800,0.09023,21.290,0.002
217.46,213.900,0.09040,21.326,0.002
217.90,214.000,0.09056,21.369,0.002
218.36,214.100,0.09077,21.414,0.002
218.80,214.200,0.09094,21.457,0.002
219.29,214.300,0.09114,21.505,0.002
219.61,214.400,0.09135,21.537,0.002
91.55,214.500,0.09160,8.978,0.002
101.14,214.600,0.09181,9.918,0.002
103.05,214.700,0.09202,10.106,0.002
104.12,214.800,0.09223,10.210,0.002
105.10,214.900,0.09243,10.306,0.002
106.01,215.000,0.09268,10.396,0.002
106.89,215.100,0.09289,10.483,0.002
107.73,215.200,0.09310,10.564,0.002
108.51,215.300,0.09331,10.641,0.002
109.23,215.400,0.09347,10.712,0.002
109.92,215.500,0.09368,10.780,0.002
110.53,215.600,0.09389,10.839,0.002
111.07,215.700,0.09405,10.892,0.002
111.56,215.800,0.09422,10.941,0.002
112.06,215.900,0.09439,10.989,0.002
112.47,216.000,0.09455,11.029,0.002
112.87,216.100,0.09468,11.069,0.002
113.19,216.200,0.09484,11.100,0.002
113.49,216.300,0.09497,11.130,0.002
113.72,216.400,0.09513,11.153,0.002
114.02,216.500,0.09526,11.182,0.002
114.25,216.600,0.09538,11.204,0.002
114.52,216.700,0.09555,11.231,0.002
114.72,216.800,0.09567,11.250,0.002
114.94,216.900,0.09580,11.272,0.002
115.12,217.000,0.09597,11.289,0.002
115.31,217.100,0.09609,11.308,0.002
115.48,217.200,0.09621,11.325,0.002
115.67,217.300,0.09634,11.344,0.002
115.81,217.400,0.09651,11.357,0.002
115.98,217.500,0.09663,11.374,0.002
116.16,217.600,0.09675,11.391,0.002
116.31,217.700,0.09692,11.406,0.002
116.47,217.800,0.09705,11.422,0.002
116.63,217.900,0.09721,11.438,0.002
116.78,218.000,0.09738,11.452,0.002
116.94,218.100,0.09750,11.468,0.002
117.05,218.200,0.09767,11.479,0.002
117.17,218.300,0.09784,11.490,0.002
117.29,218.400,0.09796,11.503,0.002
117.44,218.500,0.09813,11.517,0.002
117.55,218.600,0.09829,11.528,0.002
117.68,218.700,0.09846,11.541,0.002
117.83,218.800,0.09862,11.555,0.002
117.92,218.900,0.09879,11.565,0.002
118.06,219.000,0.09896,11.577,0.002
118.17,219.100,0.09912,11.588,0.002
118.30,219.200,0.09929,11.602,0.002
118.42,219.300,0.09946,11.613,0.002
118.55,219.400,0.09962,11.626,0.002
118.71,219.500,0.09979,11.641,0.002
118.85,219.600,0.09995,11.655,0.002
119.00,219.700,0.10016,11.670,0.002
119.15,219.800,0.10037,11.684,0.002
119.30,219.900,0.10054,11.700,0.002
119.43,220.000,0.10074,11.712,0.002
119.59,220.100,0.10095,11.728,0.002
119.76,220.200,0.10116,11.745,0.002
119.89,220.300,0.10141,11.757,0.002
120.01,220.400,0.10162,11.769,0.002
120.09,220.500,0.10182,11.776,0.002
120.14,220.600,0.10207,11.782,0.002
120.19,220.700,0.10228,11.787,0.002
120.23,220.800,0.10249,11.791,0.002
120.23,220.900,0.10270,11.791,0.002
120.27,221.000,0.10290,11.794,0.002
120.27,221.100,0.10311,11.794,0.002
120.35,221.200,0.10328,11.802,0.002
120.41,221.300,0.10349,11.808,0.002
120.48,221.400,0.10365,11.815,0.002
120.53,221.500,0.10382,11.820,0.002
120.63,221.600,0.10399,11.829,0.002
120.71,221.700,0.10415,11.838,0.002
120.83,221.800,0.10432,11.849,0.002
120.91,221.900,0.10444,11.857,0.002
121.02,222.000,0.10461,11.868,0.002
121.13,222.100,0.10477,11.879,0.002
121.26,222.200,0.10490,11.892,0.002
121.34,222.300,0.10502,11.899,0.002
121.44,222.400,0.10519,11.909,0.002
121.53,222.500,0.10532,11.918,0.002
121.63,222.600,0.10548,11.928,0.002
121.72,222.700,0.10561,11.937,0.002
121.82,222.800,0.10573,11.947,0.002
121.91,222.900,0.10586,11.956,0.002
122.01,223.000,0.10602,11.966,0.002
122.12,223.100,0.10615,11.976,0.002
122.22,223.200,0.10631,11.986,0.002
122.34,223.300,0.10644,11.997,0.002
122.48,223.400,0.10660,12.012,0.002
122.60,223.500,0.10677,12.023,0.002
122.74,223.600,0.10689,12.036,0.002
122.84,223.700,0.10706,12.047,0.002
122.96,223.800,0.10719,12.058,0.002
123.03,223.900,0.10735,12.066,0.002
123.14,224.000,0.10752,12.076,0.002
123.19,224.100,0.10768,12.081,0.002
123.22,224.200,0.10785,12.084,0.002
123.18,224.300,0.10797,12.080,0.002
123.13,224.400,0.10814,12.075,0.002
123.04,224.500,0.10831,12.066,0.002
122.95,224.600,0.10847,12.057,0.002
122.83,224.700,0.10864,12.045,0.002
122.68,224.800,0.10881,12.031,0.002
122.44,224.900,0.10897,12.007,0.002
122.11,225.000,0.10914,11.975,0.002
121.84,225.100,0.10930,11.949,0.002
121.68,225.200,0.10947,11.933,0.002
121.56,225.300,0.10968,11.921,0.002
121.55,225.400,0.10984,11.920,0.002
121.56,225.500,0.11005,11.921,0.002
121.64,225.600,0.11026,11.928,0.002
121.70,225.700,0.11047,11.935,0.002
121.83,225.800,0.11068,11.948,0.002
121.96,225.900,0.11088,11.961,0.002
122.12,226.000,0.11113,11.975,0.002
122.25,226.100,0.11134,11.989,0.002
122.36,226.200,0.11155,12.000,0.002
122.48,226.300,0.11176,12.011,0.002
122.61,226.400,0.11196,12.024,0.002
122.77,226.500,0.11217,12.039,0.002
122.94,226.600,0.11238,12.056,0.002
123.12,226.700,0.11255,12.074,0.002
123.29,226.800,0.11275,12.091,0.002
123.47,226.900,0.11292,12.108,0.002
123.67,227.000,0.11309,12.128,0.002
123.87,227.100,0.11325,12.148,0.002
124.04,227.200,0.11342,12.164,0.002
124.24,227.300,0.11358,12.183,0.002
124.41,227.400,0.11375,12.201,0.002
124.60,227.500,0.11388,12.219,0.002
124.77,227.600,0.11404,12.236,0.002
124.96,227.700,0.11421,12.254,0.002
125.13,227.800,0.11433,12.271,0.002
125.29,227.900,0.11450,12.287,0.002
125.45,228.000,0.11462,12.302,0.002
125.61,228.100,0.11475,12.318,0.002
125.78,228.200,0.11487,12.335,0.002
125.96,228.300,0.11504,12.353,0.002
126.11,228.400,0.11516,12.368,0.002
126.28,228.500,0.11529,12.384,0.002
126.48,228.600,0.11545,12.403,0.002
126.66,228.700,0.11558,12.421,0.002
126.86,228.800,0.11575,12.441,0.002
127.05,228.900,0.11587,12.460,0.002
127.27,229.000,0.11600,12.481,0.002
127.48,229.100,0.11616,12.501,0.002
127.73,229.200,0.11629,12.526,0.002
127.93,229.300,0.11645,12.546,0.002
128.18,229.400,0.11662,12.570,0.002
128.41,229.500,0.11674,12.593,0.002
128.63,229.600,0.11691,12.614,0.002
128.91,229.700,0.11708,12.642,0.002
129.17,229.800,0.11720,12.667,0.002
129.42,229.900,0.11737,12.692,0.002
129.69,230.000,0.11753,12.718,0.002
129.92,230.100,0.11770,12.741,0.002
130.18,230.200,0.11782,12.766,0.002
130.45,230.300,0.11799,12.793,0.002
130.74,230.400,0.11816,12.822,0.002
131.00,230.500,0.11832,12.846,0.002
131.30,230.600,0.11849,12.877,0.002
131.63,230.700,0.11865,12.908,0.002
131.92,230.800,0.11882,12.937,0.002
132.25,230.900,0.11903,12.970,0.002
132.59,231.000,0.11919,13.003,0.002
132.96,231.100,0.11940,13.039,0.002
133.36,231.200,0.11961,13.078,0.002
133.78,231.300,0.11982,13.119,0.002
134.21,231.400,0.12003,13.161,0.002
134.64,231.500,0.12028,13.204,0.002
135.09,231.600,0.12048,13.248,0.002
135.50,231.700,0.12069,13.288,0.002
135.88,231.800,0.12094,13.326,0.002
136.28,231.900,0.12115,13.365,0.002
136.67,232.000,0.12136,13.403,0.002
137.04,232.100,0.12156,13.439,0.002
137.37,232.200,0.12173,13.472,0.002
137.77,232.300,0.12194,13.510,0.002
138.13,232.400,0.12215,13.546,0.002
138.47,232.500,0.12231,13.579,0.002
138.78,232.600,0.12248,13.610,0.002
139.09,232.700,0.12264,13.641,0.002
139.37,232.800,0.12281,13.667,0.002
139.64,232.900,0.12298,13.694,0.002
139.90,233.000,0.12314,13.720,0.002
140.17,233.100,0.12327,13.746,0.002
140.43,233.200,0.12343,13.771,0.002
140.69,233.300,0.12356,13.797,0.002
140.97,233.400,0.12368,13.825,0.002
141.26,233.500,0.12385,13.853,0.002
141.50,233.600,0.12397,13.876,0.002
141.75,233.700,0.12410,13.901,0.002
142.02,233.800,0.12426,13.927,0.002
142.31,233.900,0.12439,13.956,0.002
142.56,234.000,0.12451,13.981,0.002
142.82,234.100,0.12464,14.006,0.002
143.13,234.200,0.12480,14.036,0.002
143.42,234.300,0.12493,14.065,0.002
143.73,234.400,0.12505,14.095,0.002
144.05,234.500,0.12522,14.127,0.002
144.37,234.600,0.12535,14.158,0.002
144.68,234.700,0.12551,14.189,0.002
144.99,234.800,0.12564,14.219,0.002
145.31,234.900,0.12580,14.250,0.002
145.66,235.000,0.12597,14.284,0.002
145.95,235.100,0.12609,14.313,0.002
146.28,235.200,0.12626,14.345,0.002
146.61,235.300,0.12643,14.378,0.002
146.96,235.400,0.12655,14.412,0.002
147.29,235.500,0.12672,14.445,0.002
147.65,235.600,0.12684,14.479,0.002
147.98,235.700,0.12701,14.512,0.003
148.34,235.800,0.12717,14.547,0.003
148.71,235.900,0.12734,14.584,0.003
149.08,236.000,0.12751,14.620,0.003
149.43,236.100,0.12763,14.654,0.003
149.80,236.200,0.12780,14.691,0.003
150.17,236.300,0.12796,14.727,0.003
150.55,236.400,0.12813,14.764,0.003
150.97,236.500,0.12834,14.806,0.003
151.41,236.600,0.12850,14.848,0.003
151.85,236.700,0.12871,14.891,0.003
152.30,236.800,0.12888,14.936,0.003
152.80,236.900,0.12909,14.985,0.003
153.27,237.000,0.12929,15.031,0.003
153.73,237.100,0.12950,15.075,0.003
154.24,237.200,0.12971,15.126,0.003
154.76,237.300,0.12996,15.177,0.003
155.28,237.400,0.13017,15.228,0.003
155.77,237.500,0.13037,15.275,0.003
156.21,237.600,0.13058,15.319,0.003
156.70,237.700,0.13079,15.367,0.003
157.12,237.800,0.13100,15.409,0.003
157.57,237.900,0.13120,15.452,0.003
157.95,238.000,0.13141,15.490,0.003
158.36,238.100,0.13158,15.530,0.003
158.73,238.200,0.13179,15.566,0.003
159.07,238.300,0.13195,15.600,0.003
159.43,238.400,0.13212,15.635,0.003
159.77,238.500,0.13228,15.668,0.003
160.10,238.600,0.13245,15.701,0.003
160.42,238.700,0.13258,15.732,0.003
160.73,238.800,0.13274,15.762,0.003
161.03,238.900,0.13291,15.792,0.003
161.33,239.000,0.13303,15.822,0.003
161.64,239.100,0.13320,15.852,0.003
161.93,239.200,0.13332,15.880,0.003
162.23,239.300,0.13345,15.910,0.003
162.50,239.400,0.13361,15.936,0.003
162.79,239.500,0.13374,15.964,0.003
163.08,239.600,0.13386,15.993,0.003
163.36,239.700,0.13399,16.021,0.003
163.68,239.800,0.13415,16.052,0.003
163.97,239.900,0.13428,16.080,0.003
164.29,240.000,0.13440,16.112,0.003
164.61,240.100,0.13453,16.143,0.003
164.96,240.200,0.13470,16.177,0.003
165.31,240.300,0.13482,16.212,0.003
165.68,240.400,0.13499,16.248,0.003
166.04,240.500,0.13511,16.283,0.003
166.41,240.600,0.13528,16.319,0.003
166.79,240.700,0.13544,16.356,0.003
167.18,240.800,0.13557,16.395,0.003
167.54,240.900,0.13573,16.430,0.003
167.92,241.000,0.13590,16.467,0.003
168.32,241.100,0.13602,16.507,0.003
168.69,241.200,0.13619,16.543,0.003
169.12,241.300,0.13636,16.585,0.003
169.50,241.400,0.13648,16.622,0.003
169.88,241.500,0.13665,16.660,0.003
170.27,241.600,0.13681,16.698,0.003
170.67,241.700,0.13698,16.737,0.003
171.09,241.800,0.13715,16.778,0.003
171.49,241.900,0.13731,16.818,0.003
171.91,242.000,0.13744,16.859,0.003
172.32,242.100,0.13760,16.899,0.003
172.80,242.200,0.13781,16.946,0.003
173.26,242.300,0.13798,16.991,0.003
173.74,242.400,0.13814,17.038,0.003
174.25,242.500,0.13835,17.088,0.003
174.76,242.600,0.13856,17.139,0.003
175.27,242.700,0.13877,17.188,0.003
175.79,242.800,0.13898,17.239,0.003
176.34,242.900,0.13918,17.293,0.003
176.88,243.000,0.13939,17.346,0.003
177.45,243.100,0.13960,17.402,0.003
177.92,243.200,0.13981,17.448,0.003
178.40,243.300,0.14001,17.495,0.003
178.94,243.400,0.14022,17.548,0.003
179.44,243.500,0.14039,17.597,0.003
179.91,243.600,0.14060,17.644,0.003
180.40,243.700,0.14076,17.691,0.003
180.85,243.800,0.14097,17.735,0.003
181.33,243.900,0.14114,17.782,0.003
181.78,244.000,0.14134,17.826,0.003
182.20,244.100,0.14151,17.868,0.003
182.58,244.200,0.14168,17.905,0.003
182.95,244.300,0.14180,17.942,0.003
183.34,244.400,0.14197,17.980,0.003
183.74,244.500,0.14213,18.019,0.003
184.11,244.600,0.14230,18.055,0.003
184.51,244.700,0.14242,18.094,0.003
184.84,244.800,0.14259,18.127,0.003
185.20,244.900,0.14272,18.162,0.003
185.54,245.000,0.14284,18.195,0.003
185.87,245.100,0.14301,18.227,0.003
186.21,245.200,0.14313,18.261,0.003
186.55,245.300,0.14326,18.295,0.003
186.91,245.400,0.14338,18.330,0.003
187.24,245.500,0.14351,18.362,0.003
187.59,245.600,0.14367,18.396,0.003
187.94,245.700,0.14380,18.431,0.003
188.31,245.800,0.14392,18.467,0.003
188.67,245.900,0.14409,18.502,0.003
189.05,246.000,0.14421,18.539,0.003
189.42,246.100,0.14434,18.576,0.003
189.81,246.200,0.14450,18.615,0.003
190.19,246.300,0.14467,18.652,0.003
190.56,246.400,0.14479,18.688,0.003
190.96,246.500,0.14496,18.727,0.003
191.36,246.600,0.14508,18.766,0.003
191.73,246.700,0.14525,18.802,0.003
192.13,246.800,0.14542,18.841,0.003
192.49,246.900,0.14554,18.877,0.003
192.87,247.000,0.14571,18.914,0.003
193.26,247.100,0.14587,18.953,0.003
193.65,247.200,0.14600,18.991,0.003
194.03,247.300,0.14616,19.028,0.003
194.40,247.400,0.14633,19.065,0.003
194.77,247.500,0.14646,19.101,0.003
195.18,247.600,0.14662,19.140,0.003
195.61,247.700,0.14679,19.183,0.003
196.04,247.800,0.14695,19.225,0.003
196.44,247.900,0.14712,19.264,0.003
196.88,248.000,0.14729,19.308,0.003
197.35,248.100,0.14749,19.354,0.003
197.84,248.200,0.14770,19.402,0.003
198.38,248.300,0.14787,19.454,0.003
198.87,248.400,0.14808,19.503,0.003
199.40,248.500,0.14828,19.555,0.003
199.99,248.600,0.14849,19.612,0.003
200.61,248.700,0.14870,19.673,0.003
201.20,248.800,0.14891,19.732,0.003
201.79,248.900,0.14916,19.789,0.003
202.34,249.000,0.14936,19.843,0.003
202.88,249.100,0.14957,19.896,0.003
203.46,249.200,0.14978,19.952,0.003
204.01,249.300,0.14999,20.007,0.003
204.56,249.400,0.15020,20.061,0.003
205.10,249.500,0.15040,20.113,0.003
205.57,249.600,0.15057,20.159,0.003
206.04,249.700,0.15078,20.206,0.003
206.48,249.800,0.15094,20.249,0.003
206.93,249.900,0.15111,20.293,0.003
207.37,250.000,0.15128,20.336,0.003
207.79,250.100,0.15144,20.378,0.003
208.19,250.200,0.15157,20.416,0.003
208.54,250.300,0.15173,20.451,0.003
208.89,250.400,0.15186,20.485,0.003
209.24,250.500,0.15198,20.520,0.003
209.60,250.600,0.15215,20.554,0.003
209.97,250.700,0.15227,20.591,0.003
210.35,250.800,0.15244,20.628,0.003
210.69,250.900,0.15256,20.662,0.003
211.05,251.000,0.15269,20.697,0.003
211.39,251.100,0.15281,20.731,0.003
211.75,251.200,0.15298,20.766,0.003
212.12,251.300,0.15310,20.802,0.003
212.50,251.400,0.15323,20.840,0.003
212.89,251.500,0.15340,20.878,0.003
213.26,251.600,0.15352,20.914,0.003
213.65,251.700,0.15364,20.952,0.003
214.06,251.800,0.15381,20.993,0.003
214.47,251.900,0.15398,21.033,0.003
208.58,252.000,0.15410,20.455,0.003
1.66,252.060,0.15423,0.163,0.003


