""
"Test Method","Will_Huddleston_Disks.msm"
"Sample I. D.","900-150-35C.mss"
"Specimen Number","1"

"Load (N)","Time (s)","Extension (mm)","Stress (MPa)","Strain (mm/mm)"

2.51,0.200,-0.03617,0.471,-0.001
2.52,0.300,-0.03617,0.472,-0.001
2.51,0.400,-0.03617,0.472,-0.001
2.51,0.500,-0.03617,0.471,-0.001
2.49,0.600,-0.03612,0.468,-0.001
2.51,0.700,-0.03612,0.471,-0.001
2.51,0.800,-0.03612,0.470,-0.001
2.50,0.900,-0.03612,0.469,-0.001
2.51,1.000,-0.03608,0.470,-0.001
2.50,1.100,-0.03608,0.469,-0.001
2.49,1.200,-0.03608,0.468,-0.001
2.50,1.300,-0.03604,0.469,-0.001
2.50,1.400,-0.03604,0.470,-0.001
2.50,1.500,-0.03604,0.469,-0.001
2.50,1.600,-0.03600,0.469,-0.001
2.50,1.700,-0.03600,0.470,-0.001
2.51,1.800,-0.03596,0.471,-0.001
2.53,1.900,-0.03592,0.476,-0.001
2.58,2.000,-0.03579,0.484,-0.001
2.70,2.100,-0.03558,0.507,-0.001
2.81,2.200,-0.03534,0.527,-0.001
2.85,2.300,-0.03513,0.535,-0.001
2.88,2.400,-0.03496,0.541,-0.001
2.92,2.500,-0.03475,0.547,-0.001
2.93,2.600,-0.03459,0.550,-0.001
2.98,2.700,-0.03438,0.560,-0.001
2.99,2.800,-0.03421,0.561,-0.001
3.01,2.900,-0.03405,0.566,-0.001
3.04,3.000,-0.03388,0.572,-0.001
3.07,3.100,-0.03367,0.576,-0.001
3.08,3.200,-0.03355,0.579,-0.001
3.11,3.300,-0.03338,0.584,-0.001
3.13,3.400,-0.03322,0.588,-0.001
3.17,3.500,-0.03309,0.594,-0.001
3.17,3.600,-0.03293,0.596,-0.001
3.20,3.700,-0.03280,0.601,-0.001
3.23,3.800,-0.03263,0.606,-0.001
3.23,3.900,-0.03251,0.607,-0.001
3.26,4.000,-0.03238,0.612,-0.001
3.29,4.100,-0.03222,0.618,-0.001
3.31,4.200,-0.03209,0.621,-0.001
3.33,4.300,-0.03197,0.626,-0.001
3.35,4.400,-0.03184,0.630,-0.001
3.36,4.500,-0.03172,0.632,-0.001
3.39,4.600,-0.03155,0.637,-0.001
3.43,4.700,-0.03143,0.644,-0.001
3.44,4.800,-0.03130,0.646,-0.001
3.47,4.900,-0.03118,0.651,-0.001
3.50,5.000,-0.03101,0.657,-0.001
3.51,5.100,-0.03089,0.660,-0.001
3.53,5.200,-0.03076,0.664,-0.001
3.56,5.300,-0.03060,0.667,-0.001
3.57,5.400,-0.03047,0.671,-0.001
3.61,5.500,-0.03031,0.678,-0.001
3.63,5.600,-0.03018,0.681,-0.001
3.66,5.700,-0.03002,0.688,-0.001
3.68,5.800,-0.02985,0.690,-0.001
3.70,5.900,-0.02968,0.695,-0.001
3.74,6.000,-0.02956,0.701,-0.001
3.75,6.100,-0.02939,0.704,-0.001
3.77,6.200,-0.02927,0.709,-0.001
3.81,6.300,-0.02910,0.715,-0.001
3.83,6.400,-0.02894,0.720,-0.001
3.85,6.500,-0.02877,0.723,-0.001
3.88,6.600,-0.02864,0.727,-0.001
3.89,6.700,-0.02848,0.730,-0.001
3.92,6.800,-0.02831,0.735,-0.001
3.13,6.900,-0.02815,0.587,-0.001
3.31,7.000,-0.02798,0.621,-0.001
3.44,7.100,-0.02781,0.647,-0.001
3.56,7.200,-0.02761,0.668,-0.001
3.66,7.300,-0.02744,0.688,-0.001
3.75,7.400,-0.02723,0.704,-0.001
3.81,7.500,-0.02702,0.714,-0.001
3.89,7.600,-0.02686,0.731,-0.001
3.95,7.700,-0.02665,0.742,-0.001
4.00,7.800,-0.02644,0.750,-0.001
4.04,7.900,-0.02623,0.759,-0.001
4.09,8.000,-0.02599,0.768,-0.001
4.11,8.100,-0.02578,0.772,-0.001
4.16,8.200,-0.02557,0.781,-0.001
4.19,8.300,-0.02540,0.786,-0.001
4.22,8.400,-0.02520,0.792,0.000
4.26,8.500,-0.02499,0.800,0.000
4.30,8.600,-0.02478,0.807,0.000
4.31,8.700,-0.02461,0.809,0.000
4.33,8.800,-0.02441,0.813,0.000
4.36,8.900,-0.02424,0.819,0.000
4.39,9.000,-0.02407,0.824,0.000
4.40,9.100,-0.02391,0.827,0.000
4.42,9.200,-0.02374,0.829,0.000
4.45,9.300,-0.02358,0.835,0.000
4.47,9.400,-0.02345,0.839,0.000
4.48,9.500,-0.02328,0.842,0.000
4.51,9.600,-0.02316,0.847,0.000
4.52,9.700,-0.02299,0.848,0.000
4.54,9.800,-0.02287,0.852,0.000
4.55,9.900,-0.02270,0.854,0.000
4.57,10.000,-0.02258,0.858,0.000
4.59,10.100,-0.02245,0.862,0.000
4.60,10.200,-0.02233,0.863,0.000
4.62,10.300,-0.02216,0.868,0.000
4.65,10.400,-0.02204,0.872,0.000
4.68,10.500,-0.02191,0.878,0.000
4.67,10.600,-0.02179,0.877,0.000
4.69,10.700,-0.02162,0.880,0.000
4.71,10.800,-0.02150,0.885,0.000
4.73,10.900,-0.02133,0.889,0.000
4.75,11.000,-0.02121,0.892,0.000
4.77,11.100,-0.02104,0.895,0.000
4.79,11.200,-0.02092,0.899,0.000
4.80,11.300,-0.02075,0.902,0.000
4.84,11.400,-0.02062,0.908,0.000
4.86,11.500,-0.02046,0.912,0.000
4.87,11.600,-0.02029,0.914,0.000
4.89,11.700,-0.02017,0.918,0.000
4.92,11.800,-0.02000,0.924,0.000
4.95,11.900,-0.01984,0.929,0.000
4.97,12.000,-0.01967,0.933,0.000
4.97,12.100,-0.01954,0.933,0.000
4.99,12.200,-0.01938,0.937,0.000
5.01,12.300,-0.01921,0.941,0.000
5.04,12.400,-0.01905,0.946,0.000
5.05,12.500,-0.01888,0.949,0.000
5.09,12.600,-0.01871,0.956,0.000
5.10,12.700,-0.01855,0.957,0.000
5.13,12.800,-0.01838,0.964,0.000
5.16,12.900,-0.01821,0.969,0.000
5.20,13.000,-0.01801,0.976,0.000
5.21,13.100,-0.01784,0.978,0.000
5.24,13.200,-0.01763,0.984,0.000
5.27,13.300,-0.01742,0.990,0.000
5.30,13.400,-0.01722,0.994,0.000
5.31,13.500,-0.01701,0.997,0.000
5.35,13.600,-0.01680,1.005,0.000
5.38,13.700,-0.01659,1.010,0.000
5.40,13.800,-0.01639,1.014,0.000
5.42,13.900,-0.01618,1.018,0.000
5.46,14.000,-0.01597,1.025,0.000
5.47,14.100,-0.01576,1.027,0.000
5.51,14.200,-0.01560,1.034,0.000
5.54,14.300,-0.01539,1.040,0.000
5.55,14.400,-0.01518,1.041,0.000
5.58,14.500,-0.01501,1.047,0.000
5.59,14.600,-0.01485,1.050,0.000
5.62,14.700,-0.01464,1.054,0.000
5.63,14.800,-0.01447,1.057,0.000
5.64,14.900,-0.01431,1.059,0.000
5.66,15.000,-0.01414,1.063,0.000
5.71,15.100,-0.01402,1.071,0.000
5.72,15.200,-0.01385,1.074,0.000
5.73,15.300,-0.01368,1.076,0.000
5.74,15.400,-0.01356,1.078,0.000
5.78,15.500,-0.01344,1.084,0.000
5.78,15.600,-0.01327,1.085,0.000
5.81,15.700,-0.01314,1.090,0.000
5.82,15.800,-0.01302,1.092,0.000
5.84,15.900,-0.01285,1.097,0.000
5.86,16.000,-0.01273,1.101,0.000
5.88,16.100,-0.01260,1.104,0.000
5.90,16.200,-0.01248,1.107,0.000
5.92,16.300,-0.01231,1.111,0.000
5.94,16.400,-0.01219,1.116,0.000
5.96,16.500,-0.01206,1.118,0.000
5.95,16.600,-0.01190,1.116,0.000
5.99,16.700,-0.01177,1.124,0.000
6.01,16.800,-0.01165,1.129,0.000
6.04,16.900,-0.01148,1.133,0.000
6.06,17.000,-0.01136,1.137,0.000
6.07,17.100,-0.01119,1.140,0.000
6.10,17.200,-0.01103,1.145,0.000
6.11,17.300,-0.01090,1.146,0.000
6.13,17.400,-0.01073,1.151,0.000
6.15,17.500,-0.01061,1.154,0.000
6.16,17.600,-0.01044,1.157,0.000
6.19,17.700,-0.01032,1.162,0.000
6.22,17.800,-0.01015,1.168,0.000
6.25,17.900,-0.00999,1.172,0.000
6.26,18.000,-0.00986,1.175,0.000
6.28,18.100,-0.00970,1.179,0.000
6.30,18.200,-0.00953,1.183,0.000
6.33,18.300,-0.00936,1.188,0.000
6.36,18.400,-0.00920,1.194,0.000
6.38,18.500,-0.00903,1.198,0.000
6.42,18.600,-0.00886,1.204,0.000
6.44,18.700,-0.00870,1.209,0.000
6.48,18.800,-0.00849,1.216,0.000
6.51,18.900,-0.00832,1.222,0.000
6.53,19.000,-0.00812,1.225,0.000
6.56,19.100,-0.00791,1.231,0.000
6.60,19.200,-0.00770,1.238,0.000
6.62,19.300,-0.00749,1.243,0.000
6.66,19.400,-0.00729,1.250,0.000
6.69,19.500,-0.00704,1.256,0.000
6.73,19.600,-0.00683,1.263,0.000
6.75,19.700,-0.00662,1.268,0.000
6.78,19.800,-0.00641,1.272,0.000
6.83,19.900,-0.00620,1.281,0.000
6.85,20.000,-0.00600,1.286,0.000
6.89,20.100,-0.00583,1.294,0.000
6.92,20.200,-0.00562,1.298,0.000
6.93,20.300,-0.00546,1.301,0.000
6.97,20.400,-0.00529,1.308,0.000
6.98,20.500,-0.00512,1.311,0.000
7.01,20.600,-0.00496,1.316,0.000
7.03,20.700,-0.00479,1.320,0.000
7.07,20.800,-0.00463,1.327,0.000
7.07,20.900,-0.00446,1.326,0.000
7.10,21.000,-0.00433,1.332,0.000
7.11,21.100,-0.00421,1.335,0.000
7.15,21.200,-0.00404,1.342,0.000
7.15,21.300,-0.00392,1.342,0.000
7.16,21.400,-0.00375,1.345,0.000
7.20,21.500,-0.00363,1.351,0.000
7.22,21.600,-0.00350,1.354,0.000
7.25,21.700,-0.00338,1.360,0.000
7.25,21.800,-0.00321,1.361,0.000
7.27,21.900,-0.00309,1.364,0.000
7.29,22.000,-0.00296,1.369,0.000
7.31,22.100,-0.00284,1.373,0.000
7.36,22.200,-0.00267,1.381,0.000
7.36,22.300,-0.00255,1.381,0.000
7.38,22.400,-0.00238,1.386,0.000
7.41,22.500,-0.00226,1.390,0.000
7.45,22.600,-0.00209,1.398,0.000
7.47,22.700,-0.00197,1.402,0.000
7.50,22.800,-0.00180,1.407,0.000
7.52,22.900,-0.00163,1.412,0.000
7.54,23.000,-0.00151,1.415,0.000
7.57,23.100,-0.00134,1.420,0.000
7.58,23.200,-0.00118,1.422,0.000
7.61,23.300,-0.00105,1.428,0.000
7.63,23.400,-0.00089,1.433,0.000
7.66,23.500,-0.00072,1.438,0.000
7.68,23.600,-0.00055,1.441,0.000
7.71,23.700,-0.00039,1.447,0.000
7.75,23.800,-0.00026,1.454,0.000
7.76,23.900,-0.00010,1.457,0.000
7.78,24.000,0.00007,1.460,0.000
7.82,24.100,0.00024,1.469,0.000
7.83,24.200,0.00040,1.470,0.000
7.87,24.300,0.00057,1.478,0.000
7.91,24.400,0.00078,1.485,0.000
7.95,24.500,0.00094,1.492,0.000
7.99,24.600,0.00115,1.500,0.000
8.02,24.700,0.00136,1.506,0.000
8.04,24.800,0.00157,1.510,0.000
8.09,24.900,0.00177,1.519,0.000
8.12,25.000,0.00198,1.525,0.000
8.16,25.100,0.00219,1.533,0.000
8.19,25.200,0.00244,1.538,0.000
8.22,25.300,0.00265,1.544,0.000
8.27,25.400,0.00285,1.552,0.000
8.31,25.500,0.00306,1.560,0.000
8.34,25.600,0.00327,1.565,0.000
8.38,25.700,0.00348,1.572,0.000
8.40,25.800,0.00364,1.576,0.000
8.43,25.900,0.00385,1.582,0.000
8.46,26.000,0.00406,1.587,0.000
8.48,26.100,0.00423,1.592,0.000
8.51,26.200,0.00439,1.598,0.000
8.53,26.300,0.00456,1.601,0.000
8.57,26.400,0.00472,1.608,0.000
8.59,26.500,0.00489,1.613,0.000
8.59,26.600,0.00502,1.613,0.000
8.63,26.700,0.00518,1.621,0.000
8.67,26.800,0.00531,1.627,0.000
8.68,26.900,0.00547,1.630,0.000
8.69,27.000,0.00560,1.632,0.000
8.73,27.100,0.00576,1.639,0.000
8.76,27.200,0.00589,1.644,0.000
8.76,27.300,0.00601,1.644,0.000
8.80,27.400,0.00614,1.651,0.000
8.81,27.500,0.00630,1.654,0.000
8.83,27.600,0.00643,1.658,0.000
8.85,27.700,0.00655,1.660,0.000
8.88,27.800,0.00672,1.667,0.000
8.92,27.900,0.00684,1.675,0.000
8.92,28.000,0.00701,1.675,0.000
8.95,28.100,0.00713,1.680,0.000
9.00,28.200,0.00730,1.689,0.000
9.02,28.300,0.00743,1.693,0.000
9.03,28.400,0.00759,1.695,0.000
9.07,28.500,0.00776,1.703,0.000
9.09,28.600,0.00792,1.707,0.000
9.12,28.700,0.00805,1.711,0.000
9.15,28.800,0.00822,1.717,0.000
9.19,28.900,0.00838,1.725,0.000
9.21,29.000,0.00855,1.729,0.000
9.23,29.100,0.00867,1.734,0.000
9.26,29.200,0.00884,1.738,0.000
9.30,29.300,0.00900,1.745,0.000
9.32,29.400,0.00917,1.749,0.000
9.34,29.500,0.00934,1.753,0.000
9.37,29.600,0.00950,1.759,0.000
9.42,29.700,0.00967,1.767,0.000
9.44,29.800,0.00984,1.773,0.000
9.49,29.900,0.01000,1.782,0.000
9.53,30.000,0.01021,1.790,0.000
9.57,30.100,0.01042,1.796,0.000
9.60,30.200,0.01058,1.802,0.000
9.65,30.300,0.01079,1.811,0.000
9.69,30.400,0.01100,1.819,0.000
9.73,30.500,0.01121,1.826,0.000
9.77,30.600,0.01141,1.835,0.000
9.82,30.700,0.01166,1.843,0.000
9.86,30.800,0.01187,1.852,0.000
9.88,30.900,0.01208,1.855,0.000
9.93,31.000,0.01229,1.864,0.000
9.97,31.100,0.01250,1.871,0.000
10.01,31.200,0.01266,1.879,0.000
10.03,31.300,0.01287,1.882,0.000
10.08,31.400,0.01308,1.893,0.000
10.12,31.500,0.01328,1.899,0.000
10.12,31.600,0.01345,1.900,0.000
10.16,31.700,0.01362,1.908,0.000
10.20,31.800,0.01378,1.914,0.000
10.22,31.900,0.01395,1.919,0.000
10.24,32.000,0.01412,1.923,0.000
10.28,32.100,0.01428,1.930,0.000
10.31,32.200,0.01445,1.935,0.000
10.34,32.300,0.01457,1.941,0.000
10.38,32.400,0.01474,1.949,0.000
10.40,32.500,0.01491,1.953,0.000
10.42,32.600,0.01503,1.957,0.000
10.44,32.700,0.01520,1.960,0.000
10.46,32.800,0.01532,1.963,0.000
10.48,32.900,0.01545,1.967,0.000
10.50,33.000,0.01561,1.970,0.000
10.54,33.100,0.01574,1.978,0.000
10.56,33.200,0.01586,1.983,0.000
10.60,33.300,0.01599,1.990,0.000
10.63,33.400,0.01615,1.994,0.000
10.66,33.500,0.01628,2.002,0.000
10.68,33.600,0.01644,2.004,0.000
10.71,33.700,0.01657,2.011,0.000
10.75,33.800,0.01673,2.019,0.000
10.77,33.900,0.01686,2.022,0.000
10.79,34.000,0.01698,2.026,0.000
10.84,34.100,0.01715,2.036,0.000
10.88,34.200,0.01732,2.042,0.000
10.90,34.300,0.01744,2.047,0.000
10.95,34.400,0.01761,2.055,0.000
10.97,34.500,0.01777,2.059,0.000
11.00,34.600,0.01790,2.065,0.000
11.05,34.700,0.01806,2.074,0.000
11.07,34.800,0.01823,2.078,0.000
11.10,34.900,0.01835,2.084,0.000
11.15,35.000,0.01852,2.093,0.000
11.17,35.100,0.01869,2.097,0.000
11.22,35.200,0.01885,2.107,0.000
11.26,35.300,0.01902,2.114,0.000
11.28,35.400,0.01919,2.117,0.000
11.32,35.500,0.01935,2.125,0.000
11.35,35.600,0.01952,2.131,0.000
11.42,35.700,0.01968,2.143,0.000
11.45,35.800,0.01989,2.149,0.000
11.51,35.900,0.02010,2.160,0.000
11.55,36.000,0.02027,2.169,0.000
11.62,36.100,0.02052,2.181,0.000
11.66,36.200,0.02072,2.189,0.000
11.70,36.300,0.02093,2.197,0.000
11.76,36.400,0.02114,2.207,0.000
11.80,36.500,0.02135,2.216,0.000
11.86,36.600,0.02160,2.226,0.000
11.90,36.700,0.02180,2.234,0.000
11.94,36.800,0.02201,2.242,0.000
12.00,36.900,0.02222,2.253,0.000
12.02,37.000,0.02239,2.257,0.000
12.05,37.100,0.02259,2.263,0.000
12.11,37.200,0.02276,2.273,0.000
12.15,37.300,0.02297,2.281,0.000
12.18,37.400,0.02313,2.286,0.000
12.19,37.500,0.02330,2.289,0.000
12.24,37.600,0.02347,2.297,0.000
12.27,37.700,0.02363,2.304,0.000
12.32,37.800,0.02380,2.312,0.000
12.33,37.900,0.02392,2.315,0.000
12.36,38.000,0.02409,2.320,0.000
12.38,38.100,0.02421,2.325,0.000
12.42,38.200,0.02434,2.331,0.000
12.46,38.300,0.02451,2.338,0.000
12.49,38.400,0.02463,2.345,0.000
12.51,38.500,0.02475,2.348,0.000
12.53,38.600,0.02492,2.352,0.000
12.57,38.700,0.02505,2.359,0.000
12.60,38.800,0.02517,2.364,0.000
12.63,38.900,0.02529,2.371,0.000
12.67,39.000,0.02546,2.378,0.001
12.70,39.100,0.02559,2.384,0.001
12.73,39.200,0.02571,2.390,0.001
12.79,39.300,0.02588,2.401,0.001
12.82,39.400,0.02600,2.407,0.001
12.85,39.500,0.02617,2.412,0.001
12.87,39.600,0.02629,2.415,0.001
12.92,39.700,0.02646,2.425,0.001
12.94,39.800,0.02658,2.430,0.001
13.00,39.900,0.02675,2.441,0.001
13.04,40.000,0.02692,2.448,0.001
13.07,40.100,0.02704,2.454,0.001
13.12,40.200,0.02721,2.463,0.001
13.16,40.300,0.02737,2.471,0.001
13.18,40.400,0.02750,2.475,0.001
13.23,40.500,0.02766,2.483,0.001
13.26,40.600,0.02783,2.490,0.001
13.30,40.700,0.02795,2.496,0.001
13.34,40.800,0.02812,2.504,0.001
13.38,40.900,0.02829,2.511,0.001
13.42,41.000,0.02845,2.519,0.001
13.48,41.100,0.02862,2.531,0.001
13.51,41.200,0.02879,2.535,0.001
13.56,41.300,0.02899,2.545,0.001
13.62,41.400,0.02916,2.556,0.001
13.66,41.500,0.02937,2.565,0.001
13.71,41.600,0.02957,2.574,0.001
13.76,41.700,0.02974,2.583,0.001
13.83,41.800,0.02995,2.597,0.001
13.86,41.900,0.03016,2.602,0.001
13.92,42.000,0.03041,2.612,0.001
13.98,42.100,0.03061,2.624,0.001
14.02,42.200,0.03082,2.632,0.001
14.07,42.300,0.03103,2.641,0.001
14.13,42.400,0.03124,2.652,0.001
14.17,42.500,0.03144,2.661,0.001
14.22,42.600,0.03165,2.669,0.001
14.26,42.700,0.03186,2.678,0.001
14.32,42.800,0.03207,2.688,0.001
14.37,42.900,0.03223,2.697,0.001
14.41,43.000,0.03244,2.704,0.001
14.46,43.100,0.03261,2.715,0.001
14.49,43.200,0.03277,2.720,0.001
14.52,43.300,0.03294,2.726,0.001
14.57,43.400,0.03311,2.735,0.001
14.60,43.500,0.03327,2.741,0.001
14.63,43.600,0.03344,2.746,0.001
14.66,43.700,0.03356,2.752,0.001
14.69,43.800,0.03369,2.758,0.001
14.75,43.900,0.03386,2.768,0.001
14.76,44.000,0.03398,2.771,0.001
14.79,44.100,0.03415,2.776,0.001
14.82,44.200,0.03427,2.782,0.001
14.85,44.300,0.03440,2.788,0.001
14.87,44.400,0.03456,2.792,0.001
14.93,44.500,0.03469,2.802,0.001
14.96,44.600,0.03481,2.808,0.001
15.00,44.700,0.03494,2.815,0.001
15.03,44.800,0.03510,2.822,0.001
15.08,44.900,0.03523,2.831,0.001
15.11,45.000,0.03535,2.836,0.001
15.15,45.100,0.03552,2.844,0.001
15.18,45.200,0.03564,2.850,0.001
15.23,45.300,0.03581,2.859,0.001
15.27,45.400,0.03597,2.867,0.001
15.31,45.500,0.03610,2.874,0.001
15.36,45.600,0.03627,2.883,0.001
15.41,45.700,0.03639,2.892,0.001
15.44,45.800,0.03656,2.898,0.001
15.48,45.900,0.03672,2.906,0.001
15.53,46.000,0.03685,2.915,0.001
15.56,46.100,0.03701,2.921,0.001
15.60,46.200,0.03718,2.929,0.001
15.65,46.300,0.03735,2.938,0.001
15.68,46.400,0.03747,2.944,0.001
15.73,46.500,0.03764,2.953,0.001
15.77,46.600,0.03780,2.961,0.001
15.82,46.700,0.03797,2.970,0.001
15.87,46.800,0.03814,2.978,0.001
15.92,46.900,0.03830,2.988,0.001
15.96,47.000,0.03847,2.996,0.001
16.02,47.100,0.03863,3.007,0.001
16.08,47.200,0.03884,3.018,0.001
16.14,47.300,0.03901,3.029,0.001
16.19,47.400,0.03922,3.039,0.001
16.25,47.500,0.03942,3.050,0.001
16.31,47.600,0.03963,3.061,0.001
16.39,47.700,0.03984,3.077,0.001
16.44,47.800,0.04005,3.086,0.001
16.51,47.900,0.04025,3.098,0.001
16.56,48.000,0.04046,3.109,0.001
16.63,48.100,0.04067,3.121,0.001
16.67,48.200,0.04088,3.128,0.001
16.72,48.300,0.04109,3.138,0.001
16.77,48.400,0.04125,3.149,0.001
16.83,48.500,0.04146,3.160,0.001
16.88,48.600,0.04167,3.168,0.001
16.92,48.700,0.04183,3.176,0.001
16.97,48.800,0.04200,3.185,0.001
17.02,48.900,0.04217,3.195,0.001
17.06,49.000,0.04233,3.202,0.001
17.12,49.100,0.04250,3.213,0.001
17.14,49.200,0.04262,3.217,0.001
17.18,49.300,0.04279,3.226,0.001
17.23,49.400,0.04296,3.233,0.001
17.26,49.500,0.04308,3.240,0.001
17.30,49.600,0.04325,3.248,0.001
17.33,49.700,0.04337,3.253,0.001
17.36,49.800,0.04350,3.259,0.001
17.40,49.900,0.04362,3.267,0.001
17.45,50.000,0.04379,3.275,0.001
17.48,50.100,0.04391,3.281,0.001
17.52,50.200,0.04404,3.289,0.001
17.56,50.300,0.04416,3.296,0.001
17.60,50.400,0.04433,3.303,0.001
17.63,50.500,0.04445,3.309,0.001
17.67,50.600,0.04458,3.317,0.001
17.71,50.700,0.04474,3.324,0.001
17.76,50.800,0.04487,3.334,0.001
17.81,50.900,0.04503,3.344,0.001
17.85,51.000,0.04516,3.351,0.001
17.88,51.100,0.04532,3.355,0.001
17.93,51.200,0.04545,3.365,0.001
17.99,51.300,0.04562,3.377,0.001
18.02,51.400,0.04574,3.383,0.001
18.07,51.500,0.04591,3.392,0.001
18.10,51.600,0.04607,3.398,0.001
18.15,51.700,0.04620,3.407,0.001
18.18,51.800,0.04636,3.414,0.001
18.24,51.900,0.04653,3.424,0.001
18.31,52.000,0.04665,3.436,0.001
18.34,52.100,0.04682,3.442,0.001
18.39,52.200,0.04699,3.452,0.001
18.41,52.300,0.04711,3.456,0.001
18.47,52.400,0.04728,3.468,0.001
18.55,52.500,0.04744,3.481,0.001
18.57,52.600,0.04765,3.486,0.001
18.63,52.700,0.04782,3.497,0.001
18.70,52.800,0.04798,3.511,0.001
18.76,52.900,0.04819,3.522,0.001
18.83,53.000,0.04836,3.534,0.001
18.88,53.100,0.04857,3.544,0.001
18.94,53.200,0.04877,3.555,0.001
19.01,53.300,0.04902,3.568,0.001
19.11,53.400,0.04923,3.587,0.001
19.16,53.500,0.04944,3.597,0.001
19.22,53.600,0.04969,3.607,0.001
19.30,53.700,0.04990,3.622,0.001
19.35,53.800,0.05010,3.632,0.001
19.40,53.900,0.05031,3.642,0.001
19.49,54.000,0.05052,3.658,0.001
19.52,54.100,0.05073,3.664,0.001
19.58,54.200,0.05093,3.676,0.001
19.61,54.300,0.05110,3.682,0.001
19.68,54.400,0.05131,3.694,0.001
19.75,54.500,0.05147,3.707,0.001
19.78,54.600,0.05164,3.714,0.001
19.82,54.700,0.05181,3.720,0.001
19.86,54.800,0.05197,3.728,0.001
19.90,54.900,0.05210,3.736,0.001
19.92,55.000,0.05226,3.739,0.001
19.98,55.100,0.05243,3.750,0.001
20.02,55.200,0.05256,3.758,0.001
20.06,55.300,0.05268,3.765,0.001
20.09,55.400,0.05285,3.771,0.001
20.13,55.500,0.05297,3.779,0.001
20.17,55.600,0.05310,3.786,0.001
20.20,55.700,0.05326,3.791,0.001
20.24,55.800,0.05339,3.799,0.001
20.28,55.900,0.05351,3.808,0.001
20.32,56.000,0.05364,3.815,0.001
20.37,56.100,0.05380,3.824,0.001
20.42,56.200,0.05393,3.834,0.001
20.46,56.300,0.05409,3.840,0.001
20.51,56.400,0.05422,3.850,0.001
20.55,56.500,0.05438,3.857,0.001
20.60,56.600,0.05451,3.867,0.001
20.65,56.700,0.05467,3.876,0.001
20.69,56.800,0.05484,3.883,0.001
20.74,56.900,0.05497,3.893,0.001
20.79,57.000,0.05513,3.903,0.001
20.83,57.100,0.05530,3.910,0.001
20.88,57.200,0.05542,3.920,0.001
20.94,57.300,0.05559,3.931,0.001
20.97,57.400,0.05576,3.937,0.001
21.01,57.500,0.05592,3.944,0.001
21.08,57.600,0.05609,3.957,0.001
21.14,57.700,0.05621,3.968,0.001
21.18,57.800,0.05638,3.976,0.001
21.24,57.900,0.05654,3.988,0.001
21.29,58.000,0.05671,3.996,0.001
21.34,58.100,0.05688,4.006,0.001
21.38,58.200,0.05704,4.014,0.001
21.46,58.300,0.05721,4.028,0.001
21.51,58.400,0.05742,4.037,0.001
21.59,58.500,0.05763,4.054,0.001
21.65,58.600,0.05779,4.064,0.001
21.72,58.700,0.05800,4.077,0.001
21.79,58.800,0.05821,4.091,0.001
21.85,58.900,0.05841,4.102,0.001
21.93,59.000,0.05862,4.116,0.001
22.01,59.100,0.05887,4.132,0.001
22.08,59.200,0.05908,4.145,0.001
22.14,59.300,0.05929,4.156,0.001
22.19,59.400,0.05950,4.165,0.001
22.26,59.500,0.05970,4.179,0.001
22.30,59.600,0.05991,4.187,0.001
22.37,59.700,0.06012,4.199,0.001
22.42,59.800,0.06028,4.209,0.001
22.48,59.900,0.06049,4.220,0.001
22.53,60.000,0.06070,4.229,0.001
22.59,60.100,0.06087,4.241,0.001
22.64,60.200,0.06103,4.249,0.001
22.68,60.300,0.06120,4.257,0.001
22.71,60.400,0.06137,4.263,0.001
22.75,60.500,0.06153,4.271,0.001
22.82,60.600,0.06166,4.283,0.001
22.85,60.700,0.06182,4.289,0.001
22.90,60.800,0.06199,4.298,0.001
22.94,60.900,0.06211,4.307,0.001
22.97,61.000,0.06228,4.311,0.001
23.01,61.100,0.06240,4.320,0.001
23.05,61.200,0.06253,4.327,0.001
23.08,61.300,0.06269,4.333,0.001
23.14,61.400,0.06282,4.345,0.001
23.17,61.500,0.06294,4.350,0.001
23.21,61.600,0.06307,4.357,0.001
23.25,61.700,0.06324,4.364,0.001
23.28,61.800,0.06336,4.370,0.001
23.33,61.900,0.06348,4.380,0.001
23.38,62.000,0.06365,4.388,0.001
23.43,62.100,0.06378,4.398,0.001
23.47,62.200,0.06394,4.407,0.001
23.52,62.300,0.06407,4.416,0.001
23.58,62.400,0.06423,4.427,0.001
23.62,62.500,0.06436,4.433,0.001
23.67,62.600,0.06452,4.442,0.001
23.73,62.700,0.06469,4.454,0.001
23.79,62.800,0.06486,4.466,0.001
23.85,62.900,0.06498,4.476,0.001
23.90,63.000,0.06515,4.486,0.001
23.95,63.100,0.06531,4.496,0.001
24.00,63.200,0.06548,4.505,0.001
24.04,63.300,0.06565,4.512,0.001
24.11,63.400,0.06581,4.525,0.001
24.17,63.500,0.06594,4.536,0.001
24.21,63.600,0.06610,4.545,0.001
24.26,63.700,0.06627,4.555,0.001
24.33,63.800,0.06643,4.567,0.001
24.39,63.900,0.06660,4.578,0.001
24.45,64.000,0.06681,4.589,0.001
24.51,64.100,0.06698,4.601,0.001
24.59,64.200,0.06718,4.616,0.001
24.65,64.300,0.06735,4.627,0.001
24.72,64.400,0.06756,4.641,0.001
24.80,64.500,0.06776,4.655,0.001
24.86,64.600,0.06797,4.666,0.001
24.93,64.700,0.06818,4.680,0.001
25.00,64.800,0.06839,4.694,0.001
25.08,64.900,0.06864,4.709,0.001
25.15,65.000,0.06885,4.720,0.001
25.20,65.100,0.06905,4.730,0.001
25.28,65.200,0.06922,4.745,0.001
25.34,65.300,0.06943,4.757,0.001
25.40,65.400,0.06963,4.769,0.001
25.46,65.500,0.06984,4.780,0.001
25.52,65.600,0.07001,4.791,0.001
25.57,65.700,0.07022,4.800,0.001
25.63,65.800,0.07038,4.811,0.001
25.69,65.900,0.07055,4.822,0.001
25.72,66.000,0.07072,4.828,0.001
25.77,66.100,0.07088,4.837,0.001
25.82,66.200,0.07105,4.847,0.001
25.89,66.300,0.07121,4.860,0.001
25.93,66.400,0.07134,4.867,0.001
25.97,66.500,0.07150,4.875,0.001
26.02,66.600,0.07167,4.884,0.001
26.07,66.700,0.07180,4.894,0.001
26.11,66.800,0.07192,4.902,0.001
26.14,66.900,0.07209,4.908,0.001
26.20,67.000,0.07221,4.918,0.001
26.24,67.100,0.07234,4.926,0.001
26.28,67.200,0.07246,4.933,0.001
26.33,67.300,0.07263,4.943,0.001
26.38,67.400,0.07275,4.952,0.001
26.42,67.500,0.07288,4.960,0.001
26.48,67.600,0.07304,4.971,0.001
26.53,67.700,0.07317,4.981,0.001
26.56,67.800,0.07333,4.986,0.001
26.64,67.900,0.07346,5.000,0.001
26.67,68.000,0.07358,5.006,0.001
26.74,68.100,0.07375,5.019,0.001
26.77,68.200,0.07391,5.026,0.001
26.82,68.300,0.07404,5.035,0.001
26.89,68.400,0.07421,5.048,0.001
26.94,68.500,0.07433,5.058,0.001
26.99,68.600,0.07450,5.066,0.001
27.06,68.700,0.07466,5.079,0.001
27.10,68.800,0.07483,5.087,0.001
27.17,68.900,0.07495,5.100,0.001
27.22,69.000,0.07512,5.110,0.001
27.30,69.100,0.07529,5.124,0.001
27.33,69.200,0.07545,5.131,0.001
27.38,69.300,0.07562,5.139,0.001
27.44,69.400,0.07578,5.151,0.001
27.50,69.500,0.07595,5.162,0.001
27.56,69.600,0.07612,5.173,0.001
27.62,69.700,0.07628,5.184,0.002
27.69,69.800,0.07645,5.198,0.002
27.77,69.900,0.07666,5.213,0.002
27.83,70.000,0.07687,5.224,0.002
27.92,70.100,0.07707,5.240,0.002
27.99,70.200,0.07728,5.254,0.002
28.07,70.300,0.07749,5.269,0.002
28.16,70.400,0.07770,5.287,0.002
28.23,70.500,0.07790,5.300,0.002
28.31,70.600,0.07811,5.315,0.002
28.37,70.700,0.07832,5.326,0.002
28.45,70.800,0.07853,5.340,0.002
28.52,70.900,0.07874,5.354,0.002
28.60,71.000,0.07894,5.368,0.002
28.66,71.100,0.07915,5.380,0.002
28.72,71.200,0.07936,5.392,0.002
28.76,71.300,0.07953,5.399,0.002
28.83,71.400,0.07973,5.413,0.002
28.88,71.500,0.07990,5.422,0.002
28.94,71.600,0.08007,5.432,0.002
28.99,71.700,0.08023,5.442,0.002
29.04,71.800,0.08040,5.451,0.002
29.08,71.900,0.08052,5.460,0.002
29.13,72.000,0.08069,5.468,0.002
29.18,72.100,0.08081,5.478,0.002
29.23,72.200,0.08098,5.487,0.002
29.27,72.300,0.08110,5.495,0.002
29.32,72.400,0.08123,5.504,0.002
29.36,72.500,0.08140,5.511,0.002
29.41,72.600,0.08152,5.521,0.002
29.46,72.700,0.08164,5.529,0.002
29.51,72.800,0.08177,5.540,0.002
29.54,72.900,0.08189,5.545,0.002
29.59,73.000,0.08206,5.554,0.002
29.64,73.100,0.08218,5.564,0.002
29.70,73.200,0.08231,5.576,0.002
29.73,73.300,0.08248,5.581,0.002
29.79,73.400,0.08260,5.593,0.002
29.84,73.500,0.08277,5.601,0.002
29.90,73.600,0.08289,5.612,0.002
29.95,73.700,0.08306,5.621,0.002
30.02,73.800,0.08318,5.636,0.002
30.07,73.900,0.08335,5.644,0.002
30.12,74.000,0.08351,5.654,0.002
30.17,74.100,0.08364,5.663,0.002
30.22,74.200,0.08381,5.672,0.002
30.27,74.300,0.08397,5.682,0.002
30.34,74.400,0.08410,5.695,0.002
30.39,74.500,0.08426,5.705,0.002
30.45,74.600,0.08443,5.715,0.002
30.50,74.700,0.08459,5.725,0.002
30.56,74.800,0.08476,5.737,0.002
30.62,74.900,0.08489,5.748,0.002
30.69,75.000,0.08505,5.761,0.002
30.75,75.100,0.08522,5.772,0.002
30.79,75.200,0.08538,5.780,0.002
30.87,75.300,0.08559,5.796,0.002
30.92,75.400,0.08576,5.805,0.002
31.01,75.500,0.08592,5.821,0.002
31.07,75.600,0.08613,5.833,0.002
31.16,75.700,0.08634,5.849,0.002
31.24,75.800,0.08651,5.864,0.002
31.30,75.900,0.08676,5.876,0.002
31.39,76.000,0.08696,5.893,0.002
31.48,76.100,0.08717,5.909,0.002
31.58,76.200,0.08742,5.929,0.002
31.65,76.300,0.08763,5.941,0.002
31.72,76.400,0.08784,5.955,0.002
31.81,76.500,0.08804,5.971,0.002
31.88,76.600,0.08825,5.984,0.002
31.94,76.700,0.08846,5.996,0.002
32.02,76.800,0.08867,6.011,0.002
32.08,76.900,0.08888,6.022,0.002
32.15,77.000,0.08904,6.035,0.002
32.20,77.100,0.08925,6.045,0.002
32.27,77.200,0.08942,6.058,0.002
32.30,77.300,0.08958,6.064,0.002
32.37,77.400,0.08975,6.077,0.002
32.41,77.500,0.08987,6.083,0.002
32.46,77.600,0.09004,6.092,0.002
32.51,77.700,0.09020,6.103,0.002
32.55,77.800,0.09037,6.110,0.002
32.59,77.900,0.09050,6.118,0.002
32.64,78.000,0.09062,6.126,0.002
32.69,78.100,0.09079,6.137,0.002
32.72,78.200,0.09091,6.141,0.002
32.79,78.300,0.09104,6.155,0.002
32.82,78.400,0.09120,6.161,0.002
32.86,78.500,0.09133,6.168,0.002
32.90,78.600,0.09145,6.176,0.002
32.95,78.700,0.09162,6.186,0.002
33.01,78.800,0.09174,6.196,0.002
33.06,78.900,0.09187,6.206,0.002
33.12,79.000,0.09203,6.217,0.002
33.15,79.100,0.09216,6.223,0.002
33.21,79.200,0.09232,6.234,0.002
33.28,79.300,0.09249,6.247,0.002
33.32,79.400,0.09262,6.254,0.002
33.37,79.500,0.09278,6.265,0.002
33.43,79.600,0.09295,6.275,0.002
33.48,79.700,0.09307,6.285,0.002
33.53,79.800,0.09324,6.294,0.002
33.59,79.900,0.09340,6.306,0.002
33.65,80.000,0.09353,6.316,0.002
33.71,80.100,0.09370,6.328,0.002
33.76,80.200,0.09386,6.336,0.002
33.82,80.300,0.09403,6.348,0.002
33.88,80.400,0.09415,6.360,0.002
33.93,80.500,0.09432,6.369,0.002
33.98,80.600,0.09449,6.379,0.002
34.04,80.700,0.09465,6.389,0.002
34.09,80.800,0.09482,6.400,0.002
34.16,80.900,0.09498,6.412,0.002
34.22,81.000,0.09515,6.424,0.002
34.29,81.100,0.09536,6.437,0.002
34.36,81.200,0.09552,6.449,0.002
34.45,81.300,0.09573,6.467,0.002
34.53,81.400,0.09590,6.482,0.002
34.61,81.500,0.09611,6.496,0.002
34.68,81.600,0.09631,6.509,0.002
34.76,81.700,0.09652,6.524,0.002
34.83,81.800,0.09673,6.538,0.002
34.89,81.900,0.09694,6.550,0.002
34.98,82.000,0.09714,6.567,0.002
35.04,82.100,0.09735,6.577,0.002
35.12,82.200,0.09756,6.592,0.002
35.18,82.300,0.09777,6.604,0.002
35.24,82.400,0.09793,6.616,0.002
35.30,82.500,0.09814,6.626,0.002
35.36,82.600,0.09831,6.638,0.002
35.41,82.700,0.09852,6.647,0.002
35.48,82.800,0.09868,6.660,0.002
35.53,82.900,0.09885,6.669,0.002
35.58,83.000,0.09901,6.680,0.002
35.63,83.100,0.09918,6.689,0.002
35.69,83.200,0.09935,6.700,0.002
35.72,83.300,0.09951,6.706,0.002
35.78,83.400,0.09968,6.717,0.002
35.83,83.500,0.09980,6.726,0.002
35.87,83.600,0.09997,6.734,0.002
35.91,83.700,0.10010,6.741,0.002
35.96,83.800,0.10022,6.751,0.002
36.01,83.900,0.10039,6.760,0.002
36.04,84.000,0.10051,6.766,0.002
36.08,84.100,0.10064,6.772,0.002
36.13,84.200,0.10076,6.782,0.002
36.18,84.300,0.10093,6.792,0.002
36.23,84.400,0.10105,6.800,0.002
36.26,84.500,0.10118,6.807,0.002
36.30,84.600,0.10134,6.815,0.002
36.37,84.700,0.10147,6.826,0.002
36.40,84.800,0.10159,6.833,0.002
36.47,84.900,0.10176,6.847,0.002
36.52,85.000,0.10188,6.855,0.002
36.59,85.100,0.10205,6.869,0.002
36.62,85.200,0.10217,6.875,0.002
36.67,85.300,0.10234,6.883,0.002
36.76,85.400,0.10246,6.900,0.002
36.80,85.500,0.10263,6.907,0.002
36.86,85.600,0.10280,6.919,0.002
36.91,85.700,0.10292,6.929,0.002
36.97,85.800,0.10309,6.940,0.002
37.02,85.900,0.10325,6.950,0.002
37.09,86.000,0.10338,6.962,0.002
37.14,86.100,0.10354,6.971,0.002
37.19,86.200,0.10371,6.981,0.002
37.24,86.300,0.10384,6.991,0.002
37.32,86.400,0.10400,7.006,0.002
37.39,86.500,0.10417,7.018,0.002
37.43,86.600,0.10433,7.027,0.002
37.50,86.700,0.10450,7.040,0.002
37.56,86.800,0.10471,7.050,0.002
37.64,86.900,0.10487,7.066,0.002
37.71,87.000,0.10508,7.079,0.002
37.78,87.100,0.10525,7.093,0.002
37.86,87.200,0.10546,7.107,0.002
37.95,87.300,0.10566,7.123,0.002
38.01,87.400,0.10587,7.136,0.002
38.12,87.500,0.10612,7.156,0.002
38.19,87.600,0.10633,7.168,0.002
38.29,87.700,0.10654,7.188,0.002
38.34,87.800,0.10674,7.198,0.002
38.43,87.900,0.10695,7.213,0.002
38.50,88.000,0.10716,7.227,0.002
38.56,88.100,0.10737,7.238,0.002
38.63,88.200,0.10758,7.251,0.002
38.71,88.300,0.10778,7.266,0.002
38.77,88.400,0.10799,7.278,0.002
38.81,88.500,0.10816,7.286,0.002
38.87,88.600,0.10832,7.297,0.002
38.92,88.700,0.10849,7.305,0.002
38.97,88.800,0.10866,7.315,0.002
39.02,88.900,0.10882,7.324,0.002
39.06,89.000,0.10899,7.332,0.002
39.11,89.100,0.10911,7.341,0.002
39.15,89.200,0.10928,7.349,0.002
39.20,89.300,0.10940,7.358,0.002
39.24,89.400,0.10957,7.366,0.002
39.30,89.500,0.10969,7.377,0.002
39.35,89.600,0.10986,7.387,0.002
39.39,89.700,0.10999,7.395,0.002
39.42,89.800,0.11011,7.399,0.002
39.48,89.900,0.11028,7.411,0.002
39.51,90.000,0.11040,7.417,0.002
39.56,90.100,0.11053,7.426,0.002
39.63,90.200,0.11069,7.439,0.002
39.68,90.300,0.11082,7.449,0.002
39.73,90.400,0.11098,7.458,0.002
39.79,90.500,0.11111,7.469,0.002
39.84,90.600,0.11127,7.479,0.002
39.91,90.700,0.11140,7.492,0.002
39.97,90.800,0.11156,7.502,0.002
40.05,90.900,0.11173,7.518,0.002
40.09,91.000,0.11186,7.526,0.002
40.14,91.100,0.11202,7.535,0.002
40.20,91.200,0.11219,7.547,0.002
40.28,91.300,0.11235,7.561,0.002
40.33,91.400,0.11248,7.571,0.002
40.39,91.500,0.11265,7.582,0.002
40.45,91.600,0.11281,7.594,0.002
40.51,91.700,0.11298,7.604,0.002
40.57,91.800,0.11314,7.616,0.002
40.64,91.900,0.11331,7.629,0.002
40.70,92.000,0.11348,7.640,0.002
40.75,92.100,0.11360,7.649,0.002
40.83,92.200,0.11377,7.665,0.002
40.89,92.300,0.11397,7.676,0.002
40.96,92.400,0.11414,7.689,0.002
41.04,92.500,0.11435,7.703,0.002
41.11,92.600,0.11452,7.718,0.002
41.19,92.700,0.11472,7.731,0.002
41.27,92.800,0.11493,7.747,0.002
41.35,92.900,0.11514,7.763,0.002
41.43,93.000,0.11535,7.777,0.002
41.53,93.100,0.11555,7.796,0.002
41.59,93.200,0.11580,7.808,0.002
41.68,93.300,0.11601,7.825,0.002
41.77,93.400,0.11622,7.840,0.002
41.83,93.500,0.11643,7.852,0.002
41.90,93.600,0.11663,7.866,0.002
41.97,93.700,0.11684,7.877,0.002
42.04,93.800,0.11705,7.891,0.002
42.10,93.900,0.11726,7.902,0.002
42.17,94.000,0.11742,7.916,0.002
42.22,94.100,0.11763,7.925,0.002
42.28,94.200,0.11780,7.936,0.002
42.33,94.300,0.11796,7.945,0.002
42.38,94.400,0.11813,7.955,0.002
42.42,94.500,0.11830,7.962,0.002
42.48,94.600,0.11846,7.974,0.002
42.53,94.700,0.11863,7.983,0.002
42.56,94.800,0.11875,7.990,0.002
42.62,94.900,0.11892,8.001,0.002
42.66,95.000,0.11904,8.009,0.002
42.72,95.100,0.11921,8.020,0.002
42.76,95.200,0.11934,8.026,0.002
42.80,95.300,0.11946,8.033,0.002
42.84,95.400,0.11963,8.043,0.002
42.90,95.500,0.11975,8.053,0.002
42.95,95.600,0.11988,8.061,0.002
42.99,95.700,0.12004,8.069,0.002
43.05,95.800,0.12017,8.081,0.002
43.10,95.900,0.12033,8.091,0.002
43.16,96.000,0.12046,8.103,0.002
43.23,96.100,0.12062,8.115,0.002
43.29,96.200,0.12075,8.126,0.002
43.33,96.300,0.12091,8.135,0.002
43.40,96.400,0.12104,8.146,0.002
43.46,96.500,0.12121,8.158,0.002
43.51,96.600,0.12137,8.168,0.002
43.56,96.700,0.12154,8.176,0.002
43.61,96.800,0.12166,8.186,0.002
43.67,96.900,0.12183,8.198,0.002
43.74,97.000,0.12200,8.210,0.002
43.79,97.100,0.12212,8.219,0.002
43.85,97.200,0.12229,8.232,0.002
43.90,97.300,0.12245,8.241,0.002
43.95,97.400,0.12262,8.250,0.002
44.02,97.500,0.12278,8.263,0.002
44.09,97.600,0.12295,8.276,0.002
44.15,97.700,0.12312,8.288,0.002
44.18,97.800,0.12328,8.294,0.002
44.26,97.900,0.12345,8.308,0.002
44.34,98.000,0.12362,8.323,0.002
44.41,98.100,0.12382,8.336,0.002
44.48,98.200,0.12399,8.349,0.002
44.56,98.300,0.12420,8.365,0.002
44.64,98.400,0.12441,8.380,0.002
44.72,98.500,0.12461,8.395,0.002
44.81,98.600,0.12482,8.411,0.002
44.89,98.700,0.12503,8.426,0.002
44.97,98.800,0.12524,8.441,0.002
45.03,98.900,0.12544,8.454,0.002
45.11,99.000,0.12569,8.468,0.002
45.19,99.100,0.12586,8.482,0.002
45.25,99.200,0.12607,8.495,0.002
45.32,99.300,0.12628,8.508,0.002
45.39,99.400,0.12648,8.521,0.002
45.46,99.500,0.12669,8.534,0.002
45.52,99.600,0.12686,8.544,0.002
45.59,99.700,0.12706,8.558,0.003
45.64,99.800,0.12723,8.567,0.003
45.70,99.900,0.12740,8.579,0.003
45.75,100.000,0.12756,8.587,0.003
45.78,100.100,0.12773,8.594,0.003
45.83,100.200,0.12785,8.603,0.003
45.87,100.300,0.12802,8.611,0.003
45.92,100.400,0.12819,8.621,0.003
45.98,100.500,0.12831,8.630,0.003
46.01,100.600,0.12848,8.637,0.003
46.05,100.700,0.12860,8.644,0.003
46.09,100.800,0.12877,8.651,0.003
46.14,100.900,0.12889,8.661,0.003
46.18,101.000,0.12902,8.669,0.003
46.22,101.100,0.12914,8.677,0.003
46.26,101.200,0.12931,8.684,0.003
46.29,101.300,0.12943,8.689,0.003
46.35,101.400,0.12956,8.701,0.003
46.40,101.500,0.12972,8.710,0.003
46.44,101.600,0.12985,8.718,0.003
46.49,101.700,0.12997,8.727,0.003
46.55,101.800,0.13014,8.737,0.003
46.59,101.900,0.13026,8.745,0.003
46.65,102.000,0.13043,8.758,0.003
46.70,102.100,0.13060,8.766,0.003
46.75,102.200,0.13072,8.775,0.003
46.79,102.300,0.13089,8.784,0.003
46.85,102.400,0.13101,8.794,0.003
46.91,102.500,0.13118,8.806,0.003
46.96,102.600,0.13135,8.816,0.003
47.02,102.700,0.13151,8.826,0.003
47.07,102.800,0.13164,8.836,0.003
47.13,102.900,0.13180,8.846,0.003
47.16,103.000,0.13197,8.854,0.003
47.22,103.100,0.13213,8.864,0.003
47.28,103.200,0.13226,8.876,0.003
47.33,103.300,0.13243,8.885,0.003
47.38,103.400,0.13259,8.895,0.003
47.44,103.500,0.13276,8.905,0.003
47.51,103.600,0.13297,8.918,0.003
47.60,103.700,0.13313,8.935,0.003
47.66,103.800,0.13334,8.947,0.003
47.75,103.900,0.13351,8.963,0.003
47.81,104.000,0.13371,8.975,0.003
47.88,104.100,0.13392,8.987,0.003
47.96,104.200,0.13413,9.003,0.003
48.06,104.300,0.13434,9.021,0.003
48.13,104.400,0.13459,9.035,0.003
48.19,104.500,0.13479,9.046,0.003
48.26,104.600,0.13500,9.060,0.003
48.34,104.700,0.13521,9.073,0.003
48.40,104.800,0.13546,9.085,0.003
48.46,104.900,0.13567,9.097,0.003
48.50,105.000,0.13583,9.105,0.003
48.56,105.100,0.13604,9.115,0.003
48.60,105.200,0.13625,9.124,0.003
48.63,105.300,0.13641,9.129,0.003
48.68,105.400,0.13658,9.137,0.003
48.70,105.500,0.13675,9.142,0.003
48.74,105.600,0.13691,9.149,0.003
48.76,105.700,0.13708,9.154,0.003
48.78,105.800,0.13725,9.156,0.003
48.81,105.900,0.13737,9.162,0.003
48.86,106.000,0.13754,9.171,0.003
48.88,106.100,0.13766,9.176,0.003
48.92,106.200,0.13783,9.183,0.003
48.94,106.300,0.13795,9.187,0.003
48.96,106.400,0.13808,9.191,0.003
49.01,106.500,0.13824,9.200,0.003
49.05,106.600,0.13837,9.208,0.003
49.07,106.700,0.13849,9.212,0.003
49.12,106.800,0.13862,9.220,0.003
49.16,106.900,0.13878,9.229,0.003
49.18,107.000,0.13891,9.232,0.003
49.23,107.100,0.13903,9.241,0.003
49.27,107.200,0.13920,9.249,0.003
49.29,107.300,0.13932,9.253,0.003
49.34,107.400,0.13949,9.262,0.003
49.39,107.500,0.13961,9.271,0.003
49.42,107.600,0.13978,9.276,0.003
49.47,107.700,0.13991,9.286,0.003
49.52,107.800,0.14007,9.295,0.003
49.55,107.900,0.14020,9.302,0.003
49.59,108.000,0.14036,9.309,0.003
49.64,108.100,0.14053,9.319,0.003
49.67,108.200,0.14065,9.324,0.003
49.72,108.300,0.14082,9.333,0.003
49.76,108.400,0.14099,9.340,0.003
49.79,108.500,0.14111,9.345,0.003
49.83,108.600,0.14128,9.354,0.003
49.86,108.700,0.14144,9.359,0.003
49.92,108.800,0.14161,9.371,0.003
49.96,108.900,0.14178,9.378,0.003
50.00,109.000,0.14194,9.387,0.003
50.05,109.100,0.14211,9.396,0.003
50.09,109.200,0.14227,9.402,0.003
50.13,109.300,0.14244,9.410,0.003
50.19,109.400,0.14265,9.422,0.003
50.22,109.500,0.14281,9.427,0.003
50.27,109.600,0.14302,9.436,0.003
50.25,109.700,0.14323,9.434,0.003
50.26,109.800,0.14344,9.435,0.003
50.30,109.900,0.14365,9.441,0.003
50.32,110.000,0.14390,9.445,0.003
50.33,110.100,0.14410,9.447,0.003
50.30,110.200,0.14431,9.443,0.003
50.23,110.300,0.14452,9.429,0.003
50.06,110.400,0.14473,9.397,0.003
49.81,110.500,0.14493,9.350,0.003
49.54,110.600,0.14514,9.300,0.003
49.24,110.700,0.14535,9.244,0.003
49.07,110.800,0.14552,9.211,0.003
48.90,110.900,0.14572,9.179,0.003
48.72,111.000,0.14593,9.146,0.003
48.53,111.100,0.14610,9.110,0.003
48.36,111.200,0.14626,9.077,0.003
48.19,111.300,0.14643,9.046,0.003
48.02,111.400,0.14660,9.014,0.003
47.83,111.500,0.14672,8.978,0.003
47.66,111.600,0.14689,8.947,0.003
47.51,111.700,0.14701,8.919,0.003
47.37,111.800,0.14718,8.892,0.003
47.24,111.900,0.14730,8.867,0.003
47.11,112.000,0.14747,8.843,0.003
47.00,112.100,0.14759,8.822,0.003
46.88,112.200,0.14772,8.801,0.003
46.77,112.300,0.14788,8.780,0.003
46.68,112.400,0.14801,8.763,0.003
46.60,112.500,0.14813,8.747,0.003
46.51,112.600,0.14826,8.731,0.003
46.43,112.700,0.14842,8.717,0.003
46.36,112.800,0.14855,8.702,0.003
46.26,112.900,0.14867,8.683,0.003
46.20,113.000,0.14884,8.672,0.003
46.12,113.100,0.14896,8.657,0.003
46.04,113.200,0.14913,8.642,0.003
45.95,113.300,0.14926,8.626,0.003
45.82,113.400,0.14942,8.601,0.003
45.61,113.500,0.14959,8.562,0.003
45.27,113.600,0.14971,8.498,0.003
44.82,113.700,0.14988,8.413,0.003
44.23,113.800,0.15005,8.302,0.003
43.44,113.900,0.15017,8.154,0.003
42.19,114.000,0.15034,7.919,0.003
40.94,114.100,0.15050,7.685,0.003
39.65,114.200,0.15067,7.442,0.003
37.82,114.300,0.15079,7.099,0.003
36.52,114.400,0.15096,6.855,0.003
35.71,114.500,0.15113,6.703,0.003
35.21,114.600,0.15129,6.610,0.003
34.91,114.700,0.15146,6.553,0.003
34.69,114.800,0.15162,6.512,0.003
34.52,114.900,0.15179,6.481,0.003
34.40,115.000,0.15196,6.456,0.003
34.30,115.100,0.15216,6.438,0.003
34.21,115.200,0.15233,6.421,0.003
34.14,115.300,0.15254,6.408,0.003
34.04,115.400,0.15275,6.390,0.003
33.98,115.500,0.15291,6.378,0.003
33.90,115.600,0.15312,6.363,0.003
33.84,115.700,0.15333,6.352,0.003
33.80,115.800,0.15354,6.344,0.003
33.74,115.900,0.15374,6.333,0.003
33.68,116.000,0.15395,6.321,0.003
33.61,116.100,0.15416,6.310,0.003
33.54,116.200,0.15437,6.296,0.003
33.44,116.300,0.15457,6.277,0.003
33.33,116.400,0.15474,6.256,0.003
33.23,116.500,0.15495,6.238,0.003
33.16,116.600,0.15512,6.225,0.003
33.08,116.700,0.15532,6.210,0.003
32.97,116.800,0.15549,6.189,0.003
32.89,116.900,0.15566,6.174,0.003
32.81,117.000,0.15582,6.160,0.003
32.74,117.100,0.15599,6.145,0.003
32.66,117.200,0.15615,6.130,0.003
32.59,117.300,0.15632,6.118,0.003
32.52,117.400,0.15644,6.105,0.003
32.48,117.500,0.15661,6.096,0.003
32.42,117.600,0.15674,6.085,0.003
32.38,117.700,0.15690,6.078,0.003
32.35,117.800,0.15703,6.073,0.003
32.30,117.900,0.15719,6.063,0.003
32.27,118.000,0.15732,6.058,0.003
32.24,118.100,0.15744,6.052,0.003
32.20,118.200,0.15757,6.045,0.003
32.18,118.300,0.15773,6.040,0.003
32.15,118.400,0.15786,6.035,0.003
32.12,118.500,0.15798,6.030,0.003
32.09,118.600,0.15815,6.023,0.003
32.06,118.700,0.15827,6.018,0.003
32.03,118.800,0.15844,6.013,0.003
32.02,118.900,0.15856,6.011,0.003
31.96,119.000,0.15873,6.000,0.003
31.94,119.100,0.15886,5.996,0.003
31.88,119.200,0.15898,5.985,0.003
31.85,119.300,0.15915,5.979,0.003
31.83,119.400,0.15927,5.975,0.003
31.80,119.500,0.15944,5.970,0.003
31.77,119.600,0.15960,5.964,0.003
31.74,119.700,0.15973,5.959,0.003
31.69,119.800,0.15989,5.948,0.003
31.64,119.900,0.16002,5.940,0.003
31.60,120.000,0.16018,5.933,0.003
31.56,120.100,0.16035,5.924,0.003
31.51,120.200,0.16048,5.916,0.003
31.49,120.300,0.16064,5.912,0.003
31.44,120.400,0.16081,5.902,0.003
31.39,120.500,0.16097,5.892,0.003
31.30,120.600,0.16114,5.875,0.003
31.18,120.700,0.16131,5.853,0.003
30.83,120.800,0.16147,5.787,0.003
29.82,120.900,0.16164,5.597,0.003
28.25,121.000,0.16185,5.303,0.003
27.78,121.100,0.16205,5.215,0.003
27.57,121.200,0.16222,5.176,0.003
27.44,121.300,0.16243,5.152,0.003
27.35,121.400,0.16268,5.135,0.003
27.27,121.500,0.16289,5.118,0.003
27.21,121.600,0.16309,5.107,0.003
27.14,121.700,0.16330,5.094,0.003
27.06,121.800,0.16351,5.080,0.003
26.99,121.900,0.16372,5.067,0.003
26.93,122.000,0.16392,5.056,0.003
26.88,122.100,0.16413,5.046,0.003
26.81,122.200,0.16434,5.033,0.003
26.76,122.300,0.16455,5.023,0.003
26.71,122.400,0.16471,5.014,0.003
26.65,122.500,0.16488,5.003,0.003
26.57,122.600,0.16509,4.987,0.003
26.52,122.700,0.16525,4.979,0.003
26.44,122.800,0.16542,4.964,0.003
26.30,122.900,0.16555,4.938,0.003
26.17,123.000,0.16571,4.912,0.003
26.09,123.100,0.16588,4.897,0.003
26.02,123.200,0.16600,4.885,0.003
25.97,123.300,0.16613,4.874,0.003
25.93,123.400,0.16629,4.867,0.003
25.91,123.500,0.16642,4.863,0.003
25.87,123.600,0.16654,4.857,0.003
25.84,123.700,0.16671,4.850,0.003
25.80,123.800,0.16683,4.844,0.003
25.79,123.900,0.16696,4.841,0.003
25.75,124.000,0.16708,4.833,0.003
25.74,124.100,0.16721,4.832,0.003
25.71,124.200,0.16737,4.826,0.003
25.69,124.300,0.16750,4.822,0.003
25.64,124.400,0.16762,4.814,0.003
25.63,124.500,0.16779,4.811,0.003
25.61,124.600,0.16791,4.806,0.003
25.57,124.700,0.16808,4.800,0.003
25.54,124.800,0.16825,4.794,0.003
25.52,124.900,0.16837,4.791,0.003
25.47,125.000,0.16854,4.781,0.003
25.43,125.100,0.16870,4.774,0.003
25.40,125.200,0.16883,4.768,0.003
25.33,125.300,0.16899,4.755,0.003
25.21,125.400,0.16916,4.733,0.003
25.09,125.500,0.16929,4.709,0.003
25.01,125.600,0.16945,4.695,0.003
24.93,125.700,0.16962,4.680,0.003
24.83,125.800,0.16978,4.661,0.003
24.74,125.900,0.16995,4.644,0.003
24.66,126.000,0.17012,4.628,0.003
24.56,126.100,0.17024,4.611,0.003
24.47,126.200,0.17041,4.594,0.003
24.39,126.300,0.17057,4.578,0.003
24.18,126.400,0.17078,4.540,0.003
18.05,126.500,0.17095,3.389,0.003
17.89,126.600,0.17116,3.358,0.003
17.69,126.700,0.17136,3.321,0.003
17.56,126.800,0.17157,3.296,0.003
17.46,126.900,0.17178,3.277,0.003
17.37,127.000,0.17199,3.260,0.003
17.29,127.100,0.17219,3.246,0.003
17.23,127.200,0.17240,3.234,0.003
17.15,127.300,0.17265,3.219,0.003
17.08,127.400,0.17286,3.205,0.003
17.01,127.500,0.17307,3.193,0.003
16.94,127.600,0.17328,3.179,0.003
16.86,127.700,0.17348,3.164,0.003
16.77,127.800,0.17369,3.149,0.003
16.73,127.900,0.17390,3.140,0.003
16.65,128.000,0.17406,3.126,0.003
16.57,128.100,0.17427,3.110,0.003
16.51,128.200,0.17444,3.100,0.003
16.45,128.300,0.17460,3.087,0.003
16.37,128.400,0.17477,3.074,0.003
16.32,128.500,0.17494,3.063,0.003
16.26,128.600,0.17510,3.052,0.003
16.21,128.700,0.17527,3.043,0.003
16.15,128.800,0.17539,3.032,0.003
16.10,128.900,0.17556,3.023,0.003
16.07,129.000,0.17569,3.016,0.003
16.01,129.100,0.17585,3.005,0.003
15.95,129.200,0.17598,2.995,0.003
15.92,129.300,0.17610,2.988,0.003
15.86,129.400,0.17627,2.977,0.003
15.81,129.500,0.17639,2.968,0.003
15.78,129.600,0.17652,2.962,0.003
15.74,129.700,0.17664,2.955,0.003
15.73,129.800,0.17681,2.952,0.003
15.67,129.900,0.17693,2.942,0.003
15.66,130.000,0.17710,2.939,0.003
15.62,130.100,0.17722,2.931,0.003
15.57,130.200,0.17739,2.923,0.003
15.55,130.300,0.17751,2.920,0.003
15.52,130.400,0.17768,2.914,0.003
15.49,130.500,0.17785,2.907,0.004
15.47,130.600,0.17797,2.904,0.004
15.42,130.700,0.17814,2.895,0.004
15.40,130.800,0.17826,2.891,0.004
15.38,130.900,0.17843,2.886,0.004
15.35,131.000,0.17859,2.881,0.004
15.31,131.100,0.17876,2.874,0.004
15.28,131.200,0.17889,2.868,0.004
15.24,131.300,0.17905,2.860,0.004
15.22,131.400,0.17922,2.858,0.004
15.20,131.500,0.17934,2.853,0.004
15.18,131.600,0.17951,2.849,0.004
15.14,131.700,0.17967,2.842,0.004
15.12,131.800,0.17984,2.838,0.004
15.09,131.900,0.18001,2.833,0.004
15.06,132.000,0.18017,2.826,0.004
15.04,132.100,0.18038,2.823,0.004
15.02,132.200,0.18055,2.820,0.004
14.99,132.300,0.18076,2.813,0.004
14.97,132.400,0.18092,2.810,0.004
14.95,132.500,0.18113,2.806,0.004
14.92,132.600,0.18134,2.800,0.004
14.88,132.700,0.18154,2.794,0.004
14.86,132.800,0.18175,2.790,0.004
14.83,132.900,0.18200,2.783,0.004
14.78,133.000,0.18221,2.774,0.004
14.75,133.100,0.18242,2.768,0.004
14.69,133.200,0.18258,2.758,0.004
14.68,133.300,0.18279,2.756,0.004
14.64,133.400,0.18300,2.749,0.004
14.59,133.500,0.18317,2.740,0.004
14.54,133.600,0.18337,2.730,0.004
14.52,133.700,0.18354,2.725,0.004
14.46,133.800,0.18375,2.715,0.004
14.43,133.900,0.18391,2.708,0.004
14.38,134.000,0.18408,2.698,0.004
14.34,134.100,0.18425,2.692,0.004
14.29,134.200,0.18441,2.683,0.004
14.25,134.300,0.18458,2.675,0.004
14.22,134.400,0.18470,2.669,0.004
14.17,134.500,0.18487,2.660,0.004
14.13,134.600,0.18504,2.653,0.004
14.10,134.700,0.18516,2.646,0.004
14.07,134.800,0.18533,2.640,0.004
14.02,134.900,0.18545,2.632,0.004
13.98,135.000,0.18558,2.624,0.004
13.95,135.100,0.18574,2.619,0.004
13.93,135.200,0.18587,2.614,0.004
13.90,135.300,0.18599,2.609,0.004
13.88,135.400,0.18612,2.605,0.004
13.85,135.500,0.18624,2.599,0.004
13.83,135.600,0.18641,2.595,0.004
13.81,135.700,0.18653,2.592,0.004
13.79,135.800,0.18670,2.589,0.004
13.77,135.900,0.18682,2.584,0.004
13.74,136.000,0.18695,2.580,0.004
13.72,136.100,0.18711,2.575,0.004
13.72,136.200,0.18724,2.575,0.004
13.68,136.300,0.18740,2.568,0.004
13.67,136.400,0.18753,2.566,0.004
13.64,136.500,0.18769,2.560,0.004
13.63,136.600,0.18786,2.558,0.004
13.60,136.700,0.18799,2.553,0.004
13.59,136.800,0.18815,2.550,0.004
13.56,136.900,0.18832,2.544,0.004
13.53,137.000,0.18848,2.540,0.004
13.52,137.100,0.18861,2.537,0.004
13.52,137.200,0.18878,2.538,0.004
13.48,137.300,0.18894,2.531,0.004
13.47,137.400,0.18907,2.529,0.004
13.44,137.500,0.18923,2.524,0.004
13.43,137.600,0.18940,2.522,0.004
13.41,137.700,0.18956,2.518,0.004
13.40,137.800,0.18977,2.516,0.004
13.41,137.900,0.18994,2.517,0.004
13.39,138.000,0.19015,2.514,0.004
13.39,138.100,0.19031,2.514,0.004
13.37,138.200,0.19052,2.510,0.004
13.35,138.300,0.19073,2.505,0.004
13.35,138.400,0.19094,2.506,0.004
13.33,138.500,0.19114,2.501,0.004
13.31,138.600,0.19139,2.499,0.004
13.29,138.700,0.19160,2.494,0.004
13.28,138.800,0.19181,2.492,0.004
13.25,138.900,0.19202,2.486,0.004
13.22,139.000,0.19222,2.482,0.004
13.22,139.100,0.19243,2.482,0.004
13.19,139.200,0.19264,2.476,0.004
13.17,139.300,0.19281,2.472,0.004
13.14,139.400,0.19301,2.466,0.004
13.13,139.500,0.19318,2.465,0.004
13.10,139.600,0.19339,2.459,0.004
13.09,139.700,0.19355,2.457,0.004
13.05,139.800,0.19372,2.450,0.004
13.04,139.900,0.19389,2.447,0.004
13.02,140.000,0.19401,2.444,0.004
13.01,140.100,0.19418,2.442,0.004
13.00,140.200,0.19434,2.441,0.004
12.99,140.300,0.19447,2.438,0.004
12.96,140.400,0.19463,2.433,0.004
12.95,140.500,0.19476,2.431,0.004
12.93,140.600,0.19488,2.428,0.004
12.91,140.700,0.19501,2.424,0.004
12.90,140.800,0.19517,2.421,0.004
12.90,140.900,0.19530,2.422,0.004
12.89,141.000,0.19542,2.420,0.004
12.88,141.100,0.19555,2.417,0.004
12.87,141.200,0.19572,2.416,0.004
12.87,141.300,0.19584,2.416,0.004
12.87,141.400,0.19596,2.415,0.004
12.86,141.500,0.19609,2.413,0.004
12.83,141.600,0.19626,2.409,0.004
12.84,141.700,0.19638,2.409,0.004
12.81,141.800,0.19655,2.405,0.004
12.82,141.900,0.19671,2.407,0.004
12.81,142.000,0.19684,2.405,0.004
12.81,142.100,0.19700,2.405,0.004
12.79,142.200,0.19713,2.400,0.004
12.77,142.300,0.19729,2.398,0.004
12.79,142.400,0.19746,2.401,0.004
12.79,142.500,0.19759,2.400,0.004
12.77,142.600,0.19775,2.398,0.004
12.78,142.700,0.19792,2.398,0.004
12.77,142.800,0.19808,2.397,0.004
12.76,142.900,0.19825,2.395,0.004
12.75,143.000,0.19837,2.394,0.004
12.75,143.100,0.19854,2.393,0.004
12.74,143.200,0.19871,2.391,0.004
12.74,143.300,0.19887,2.391,0.004
12.72,143.400,0.19904,2.388,0.004
12.71,143.500,0.19921,2.386,0.004
12.70,143.600,0.19941,2.384,0.004
12.71,143.700,0.19958,2.387,0.004
12.71,143.800,0.19979,2.386,0.004
12.70,143.900,0.20000,2.383,0.004
12.70,144.000,0.20016,2.383,0.004
12.69,144.100,0.20037,2.383,0.004
12.67,144.200,0.20058,2.379,0.004
12.67,144.300,0.20083,2.379,0.004
12.66,144.400,0.20103,2.377,0.004
12.65,144.500,0.20124,2.375,0.004
12.64,144.600,0.20145,2.373,0.004
12.62,144.700,0.20166,2.369,0.004
12.61,144.800,0.20187,2.367,0.004
12.59,144.900,0.20203,2.363,0.004
12.58,145.000,0.20224,2.362,0.004
12.58,145.100,0.20241,2.362,0.004
12.56,145.200,0.20261,2.357,0.004
12.56,145.300,0.20278,2.357,0.004
12.54,145.400,0.20299,2.354,0.004
12.52,145.500,0.20311,2.349,0.004
12.51,145.600,0.20328,2.349,0.004
12.50,145.700,0.20344,2.346,0.004
12.49,145.800,0.20361,2.345,0.004
12.48,145.900,0.20374,2.343,0.004
12.46,146.000,0.20390,2.339,0.004
12.46,146.100,0.20403,2.340,0.004
12.44,146.200,0.20419,2.335,0.004
12.43,146.300,0.20432,2.334,0.004
12.43,146.400,0.20444,2.333,0.004
12.41,146.500,0.20457,2.330,0.004
12.41,146.600,0.20473,2.330,0.004
12.40,146.700,0.20486,2.328,0.004
12.41,146.800,0.20498,2.329,0.004
12.40,146.900,0.20511,2.328,0.004
12.42,147.000,0.20527,2.331,0.004
12.39,147.100,0.20540,2.326,0.004
12.38,147.200,0.20552,2.325,0.004
12.39,147.300,0.20569,2.326,0.004
12.38,147.400,0.20581,2.324,0.004
12.37,147.500,0.20598,2.323,0.004
12.37,147.600,0.20615,2.322,0.004
12.37,147.700,0.20627,2.321,0.004
12.37,147.800,0.20644,2.321,0.004
12.37,147.900,0.20660,2.321,0.004
12.35,148.000,0.20673,2.318,0.004
12.34,148.100,0.20689,2.317,0.004
12.34,148.200,0.20706,2.316,0.004
12.33,148.300,0.20718,2.314,0.004
12.33,148.400,0.20735,2.314,0.004
12.31,148.500,0.20752,2.311,0.004
12.31,148.600,0.20764,2.310,0.004
12.30,148.700,0.20781,2.309,0.004
12.29,148.800,0.20797,2.308,0.004
12.29,148.900,0.20814,2.307,0.004
12.29,149.000,0.20831,2.306,0.004
12.29,149.100,0.20847,2.306,0.004
12.29,149.200,0.20864,2.308,0.004
12.27,149.300,0.20881,2.303,0.004
12.27,149.400,0.20901,2.304,0.004
12.26,149.500,0.20918,2.301,0.004
12.26,149.600,0.20939,2.302,0.004
12.26,149.700,0.20959,2.301,0.004
12.26,149.800,0.20980,2.301,0.004
12.24,149.900,0.21001,2.298,0.004
12.25,150.000,0.21022,2.299,0.004
12.23,150.100,0.21043,2.295,0.004
12.22,150.200,0.21063,2.294,0.004
12.20,150.300,0.21084,2.290,0.004
12.19,150.400,0.21105,2.288,0.004
12.19,150.500,0.21126,2.289,0.004
12.16,150.600,0.21142,2.283,0.004
12.14,150.700,0.21163,2.279,0.004
12.14,150.800,0.21180,2.279,0.004
12.13,150.900,0.21201,2.278,0.004
12.10,151.000,0.21217,2.272,0.004
12.09,151.080,0.21230,2.270,0.004


