""
"Test Method","Will_Huddleston_Disks.msm"
"Sample I. D.","900-5-24A.mss"
"Specimen Number","1"

"Load (N)","Time (s)","Extension (mm)","Stress (MPa)","Strain (mm/mm)"

3.91,0.200,-0.08182,0.429,-0.002
3.89,0.300,-0.08182,0.427,-0.002
3.91,0.400,-0.08182,0.429,-0.002
3.90,0.500,-0.08182,0.428,-0.002
3.90,0.600,-0.08182,0.428,-0.002
3.90,0.700,-0.08182,0.428,-0.002
3.92,0.800,-0.08182,0.430,-0.002
3.91,0.900,-0.08178,0.429,-0.002
3.90,1.000,-0.08178,0.428,-0.002
3.89,1.100,-0.08178,0.427,-0.002
3.91,1.200,-0.08174,0.429,-0.002
3.91,1.300,-0.08174,0.429,-0.002
3.93,1.400,-0.08170,0.432,-0.002
3.94,1.500,-0.08170,0.432,-0.002
3.96,1.600,-0.08166,0.434,-0.002
3.95,1.700,-0.08162,0.434,-0.002
4.00,1.800,-0.08153,0.439,-0.002
4.03,1.900,-0.08141,0.443,-0.002
4.11,2.000,-0.08128,0.451,-0.002
4.21,2.100,-0.08108,0.462,-0.002
4.32,2.200,-0.08087,0.474,-0.002
4.40,2.300,-0.08070,0.483,-0.002
4.47,2.400,-0.08049,0.490,-0.002
4.52,2.500,-0.08033,0.496,-0.002
4.56,2.600,-0.08012,0.500,-0.002
4.58,2.700,-0.07995,0.502,-0.002
4.62,2.800,-0.07979,0.507,-0.002
4.64,2.900,-0.07966,0.509,-0.002
4.66,3.000,-0.07950,0.511,-0.002
4.66,3.100,-0.07937,0.511,-0.002
4.69,3.200,-0.07925,0.514,-0.002
4.70,3.300,-0.07908,0.516,-0.002
4.73,3.400,-0.07896,0.519,-0.002
4.74,3.500,-0.07883,0.520,-0.002
4.76,3.600,-0.07871,0.523,-0.002
4.78,3.700,-0.07858,0.524,-0.002
4.77,3.800,-0.07842,0.523,-0.002
4.81,3.900,-0.07829,0.527,-0.002
4.82,4.000,-0.07817,0.528,-0.002
4.83,4.100,-0.07804,0.530,-0.002
4.86,4.200,-0.07792,0.533,-0.002
4.86,4.300,-0.07779,0.533,-0.002
4.89,4.400,-0.07767,0.537,-0.002
4.89,4.500,-0.07750,0.537,-0.002
4.93,4.600,-0.07738,0.540,-0.002
4.94,4.700,-0.07725,0.542,-0.002
4.96,4.800,-0.07709,0.545,-0.002
4.97,4.900,-0.07696,0.546,-0.002
4.99,5.000,-0.07680,0.548,-0.002
4.99,5.100,-0.07667,0.548,-0.002
5.01,5.200,-0.07650,0.550,-0.002
5.05,5.300,-0.07638,0.554,-0.002
5.07,5.400,-0.07621,0.556,-0.002
5.08,5.500,-0.07609,0.557,-0.001
5.10,5.600,-0.07592,0.560,-0.001
5.11,5.700,-0.07576,0.561,-0.001
5.13,5.800,-0.07563,0.562,-0.001
5.14,5.900,-0.07547,0.564,-0.001
5.18,6.000,-0.07530,0.568,-0.001
5.19,6.100,-0.07518,0.570,-0.001
5.21,6.200,-0.07501,0.572,-0.001
5.23,6.300,-0.07484,0.574,-0.001
5.27,6.400,-0.07468,0.578,-0.001
5.28,6.500,-0.07451,0.580,-0.001
5.32,6.600,-0.07434,0.583,-0.001
5.32,6.700,-0.07418,0.583,-0.001
5.36,6.800,-0.07401,0.589,-0.001
5.37,6.900,-0.07380,0.590,-0.001
5.40,7.000,-0.07364,0.593,-0.001
5.42,7.100,-0.07343,0.595,-0.001
5.45,7.200,-0.07322,0.598,-0.001
5.50,7.300,-0.07306,0.604,-0.001
5.52,7.400,-0.07281,0.605,-0.001
5.54,7.500,-0.07260,0.608,-0.001
5.57,7.600,-0.07239,0.611,-0.001
5.59,7.700,-0.07218,0.613,-0.001
5.62,7.800,-0.07198,0.616,-0.001
5.65,7.900,-0.07177,0.620,-0.001
5.66,8.000,-0.07156,0.621,-0.001
5.70,8.100,-0.07135,0.626,-0.001
5.73,8.200,-0.07119,0.628,-0.001
5.74,8.300,-0.07098,0.629,-0.001
5.77,8.400,-0.07081,0.633,-0.001
5.80,8.500,-0.07060,0.637,-0.001
5.81,8.600,-0.07044,0.638,-0.001
5.83,8.700,-0.07027,0.640,-0.001
5.84,8.800,-0.07011,0.641,-0.001
5.85,8.900,-0.06994,0.642,-0.001
5.89,9.000,-0.06981,0.647,-0.001
5.90,9.100,-0.06965,0.648,-0.001
5.93,9.200,-0.06948,0.651,-0.001
5.94,9.300,-0.06936,0.652,-0.001
5.96,9.400,-0.06919,0.654,-0.001
5.99,9.500,-0.06907,0.657,-0.001
5.99,9.600,-0.06894,0.657,-0.001
6.03,9.700,-0.06882,0.662,-0.001
6.03,9.800,-0.06865,0.661,-0.001
6.06,9.900,-0.06853,0.664,-0.001
6.08,10.000,-0.06840,0.667,-0.001
6.09,10.100,-0.06824,0.668,-0.001
6.10,10.200,-0.06811,0.669,-0.001
6.15,10.300,-0.06794,0.674,-0.001
6.16,10.400,-0.06782,0.676,-0.001
6.17,10.500,-0.06765,0.676,-0.001
6.20,10.600,-0.06753,0.680,-0.001
6.22,10.700,-0.06736,0.683,-0.001
6.24,10.800,-0.06720,0.685,-0.001
6.24,10.900,-0.06707,0.685,-0.001
6.28,11.000,-0.06691,0.689,-0.001
6.30,11.100,-0.06674,0.691,-0.001
6.31,11.200,-0.06661,0.693,-0.001
6.33,11.300,-0.06645,0.695,-0.001
6.38,11.400,-0.06628,0.700,-0.001
6.39,11.500,-0.06616,0.701,-0.001
6.41,11.600,-0.06599,0.703,-0.001
6.46,11.700,-0.06583,0.708,-0.001
6.46,11.800,-0.06566,0.709,-0.001
6.47,11.900,-0.06549,0.710,-0.001
6.50,12.000,-0.06533,0.713,-0.001
6.54,12.100,-0.06516,0.717,-0.001
6.55,12.200,-0.06499,0.719,-0.001
6.59,12.300,-0.06483,0.723,-0.001
6.62,12.400,-0.06466,0.726,-0.001
6.64,12.500,-0.06445,0.729,-0.001
6.66,12.600,-0.06429,0.730,-0.001
6.72,12.700,-0.06408,0.737,-0.001
6.74,12.800,-0.06387,0.739,-0.001
6.77,12.900,-0.06366,0.743,-0.001
6.81,13.000,-0.06346,0.747,-0.001
6.82,13.100,-0.06325,0.748,-0.001
6.86,13.200,-0.06304,0.752,-0.001
6.89,13.300,-0.06283,0.756,-0.001
6.94,13.400,-0.06258,0.761,-0.001
6.95,13.500,-0.06238,0.763,-0.001
6.98,13.600,-0.06217,0.765,-0.001
7.02,13.700,-0.06196,0.770,-0.001
7.06,13.800,-0.06179,0.775,-0.001
7.11,13.900,-0.06159,0.780,-0.001
7.12,14.000,-0.06138,0.781,-0.001
7.14,14.100,-0.06121,0.783,-0.001
7.18,14.200,-0.06105,0.788,-0.001
7.19,14.300,-0.06088,0.789,-0.001
7.21,14.400,-0.06071,0.791,-0.001
7.24,14.500,-0.06055,0.794,-0.001
7.25,14.600,-0.06038,0.796,-0.001
7.27,14.700,-0.06026,0.798,-0.001
7.30,14.800,-0.06009,0.801,-0.001
7.32,14.900,-0.05997,0.804,-0.001
7.35,15.000,-0.05980,0.806,-0.001
7.36,15.100,-0.05967,0.807,-0.001
7.38,15.200,-0.05951,0.810,-0.001
7.41,15.300,-0.05938,0.813,-0.001
7.42,15.400,-0.05926,0.815,-0.001
7.45,15.500,-0.05909,0.817,-0.001
7.48,15.600,-0.05897,0.820,-0.001
7.48,15.700,-0.05884,0.821,-0.001
7.53,15.800,-0.05872,0.826,-0.001
7.55,15.900,-0.05855,0.828,-0.001
7.57,16.000,-0.05843,0.831,-0.001
7.59,16.100,-0.05826,0.833,-0.001
7.62,16.200,-0.05814,0.836,-0.001
7.65,16.300,-0.05797,0.839,-0.001
7.69,16.400,-0.05785,0.843,-0.001
7.69,16.500,-0.05768,0.844,-0.001
7.72,16.600,-0.05756,0.847,-0.001
7.73,16.700,-0.05739,0.848,-0.001
7.76,16.800,-0.05722,0.852,-0.001
7.80,16.900,-0.05710,0.856,-0.001
7.83,17.000,-0.05693,0.859,-0.001
7.85,17.100,-0.05677,0.861,-0.001
7.89,17.200,-0.05664,0.866,-0.001
7.90,17.300,-0.05648,0.867,-0.001
7.92,17.400,-0.05631,0.869,-0.001
7.95,17.500,-0.05614,0.872,-0.001
7.98,17.600,-0.05598,0.876,-0.001
8.02,17.700,-0.05581,0.880,-0.001
8.06,17.800,-0.05569,0.884,-0.001
8.08,17.900,-0.05548,0.887,-0.001
8.12,18.000,-0.05531,0.890,-0.001
8.14,18.100,-0.05515,0.893,-0.001
8.19,18.200,-0.05498,0.899,-0.001
8.21,18.300,-0.05477,0.901,-0.001
8.26,18.400,-0.05456,0.906,-0.001
8.31,18.500,-0.05436,0.912,-0.001
8.34,18.600,-0.05415,0.916,-0.001
8.37,18.700,-0.05394,0.919,-0.001
8.43,18.800,-0.05369,0.925,-0.001
8.46,18.900,-0.05348,0.928,-0.001
8.51,19.000,-0.05328,0.933,-0.001
8.52,19.100,-0.05307,0.935,-0.001
8.56,19.200,-0.05286,0.939,-0.001
8.61,19.300,-0.05261,0.944,-0.001
8.63,19.400,-0.05244,0.947,-0.001
8.64,19.500,-0.05224,0.948,-0.001
8.69,19.600,-0.05203,0.953,-0.001
8.71,19.700,-0.05186,0.956,-0.001
8.73,19.800,-0.05170,0.958,-0.001
8.75,19.900,-0.05153,0.960,-0.001
8.79,20.000,-0.05136,0.964,-0.001
8.83,20.100,-0.05120,0.969,-0.001
8.85,20.200,-0.05107,0.971,-0.001
8.84,20.300,-0.05091,0.970,-0.001
8.87,20.400,-0.05078,0.973,-0.001
8.90,20.500,-0.05062,0.976,-0.001
8.91,20.600,-0.05049,0.978,-0.001
8.94,20.700,-0.05037,0.981,-0.001
8.97,20.800,-0.05020,0.984,-0.001
8.98,20.900,-0.05008,0.986,-0.001
9.02,21.000,-0.04995,0.990,-0.001
9.04,21.100,-0.04983,0.992,-0.001
9.07,21.200,-0.04970,0.995,-0.001
9.09,21.300,-0.04954,0.997,-0.001
9.11,21.400,-0.04941,0.999,-0.001
9.13,21.500,-0.04929,1.002,-0.001
9.17,21.600,-0.04912,1.006,-0.001
9.21,21.700,-0.04899,1.010,-0.001
9.22,21.800,-0.04883,1.011,-0.001
9.25,21.900,-0.04870,1.015,-0.001
9.30,22.000,-0.04854,1.020,-0.001
9.34,22.100,-0.04841,1.024,-0.001
9.35,22.200,-0.04825,1.026,-0.001
9.37,22.300,-0.04808,1.028,-0.001
9.40,22.400,-0.04796,1.032,-0.001
9.44,22.500,-0.04779,1.036,-0.001
9.46,22.600,-0.04762,1.038,-0.001
9.50,22.700,-0.04750,1.042,-0.001
9.54,22.800,-0.04733,1.047,-0.001
9.54,22.900,-0.04721,1.047,-0.001
9.59,23.000,-0.04704,1.052,-0.001
9.62,23.100,-0.04688,1.056,-0.001
9.65,23.200,-0.04671,1.058,-0.001
9.67,23.300,-0.04654,1.061,-0.001
9.71,23.400,-0.04638,1.065,-0.001
9.75,23.500,-0.04621,1.069,-0.001
9.79,23.600,-0.04604,1.074,-0.001
9.82,23.700,-0.04588,1.077,-0.001
9.85,23.800,-0.04567,1.081,-0.001
9.90,23.900,-0.04550,1.087,-0.001
9.94,24.000,-0.04530,1.091,-0.001
9.98,24.100,-0.04509,1.095,-0.001
10.01,24.200,-0.04492,1.098,-0.001
10.06,24.300,-0.04471,1.104,-0.001
10.10,24.400,-0.04447,1.108,-0.001
10.15,24.500,-0.04426,1.114,-0.001
10.19,24.600,-0.04405,1.118,-0.001
10.23,24.700,-0.04384,1.123,-0.001
10.28,24.800,-0.04363,1.128,-0.001
10.31,24.900,-0.04343,1.132,-0.001
10.33,25.000,-0.04322,1.134,-0.001
10.37,25.100,-0.04305,1.138,-0.001
10.40,25.200,-0.04284,1.141,-0.001
10.44,25.300,-0.04264,1.145,-0.001
10.48,25.400,-0.04247,1.150,-0.001
10.51,25.500,-0.04230,1.154,-0.001
10.55,25.600,-0.04210,1.158,-0.001
10.58,25.700,-0.04193,1.160,-0.001
10.61,25.800,-0.04181,1.165,-0.001
10.63,25.900,-0.04164,1.166,-0.001
10.66,26.000,-0.04147,1.169,-0.001
10.71,26.100,-0.04135,1.175,-0.001
10.71,26.200,-0.04118,1.175,-0.001
10.73,26.300,-0.04106,1.177,-0.001
10.76,26.400,-0.04089,1.181,-0.001
10.81,26.500,-0.04077,1.186,-0.001
10.83,26.600,-0.04064,1.188,-0.001
10.84,26.700,-0.04048,1.190,-0.001
10.87,26.800,-0.04035,1.193,-0.001
10.90,26.900,-0.04023,1.196,-0.001
10.93,27.000,-0.04010,1.199,-0.001
10.96,27.100,-0.03994,1.202,-0.001
10.98,27.200,-0.03981,1.205,-0.001
11.03,27.300,-0.03969,1.210,-0.001
11.04,27.400,-0.03952,1.211,-0.001
11.09,27.500,-0.03940,1.216,-0.001
11.13,27.600,-0.03927,1.221,-0.001
11.14,27.700,-0.03910,1.223,-0.001
11.18,27.800,-0.03894,1.227,-0.001
11.22,27.900,-0.03881,1.231,-0.001
11.25,28.000,-0.03865,1.234,-0.001
11.29,28.100,-0.03852,1.239,-0.001
11.32,28.200,-0.03836,1.242,-0.001
11.35,28.300,-0.03819,1.245,-0.001
11.37,28.400,-0.03807,1.248,-0.001
11.39,28.500,-0.03790,1.250,-0.001
11.44,28.600,-0.03773,1.255,-0.001
11.48,28.700,-0.03761,1.260,-0.001
11.51,28.800,-0.03744,1.263,-0.001
11.55,28.900,-0.03728,1.268,-0.001
11.59,29.000,-0.03711,1.272,-0.001
11.62,29.100,-0.03699,1.275,-0.001
11.66,29.200,-0.03682,1.279,-0.001
11.71,29.300,-0.03665,1.285,-0.001
11.74,29.400,-0.03645,1.288,-0.001
11.78,29.500,-0.03628,1.293,-0.001
11.83,29.600,-0.03611,1.298,-0.001
11.86,29.700,-0.03590,1.302,-0.001
11.92,29.800,-0.03574,1.308,-0.001
11.98,29.900,-0.03553,1.314,-0.001
12.02,30.000,-0.03532,1.319,-0.001
12.08,30.100,-0.03512,1.325,-0.001
12.12,30.200,-0.03487,1.330,-0.001
12.18,30.300,-0.03466,1.336,-0.001
12.22,30.400,-0.03445,1.341,-0.001
12.24,30.500,-0.03424,1.343,-0.001
12.30,30.600,-0.03408,1.350,-0.001
12.35,30.700,-0.03387,1.355,-0.001
12.38,30.800,-0.03366,1.359,-0.001
12.43,30.900,-0.03345,1.364,-0.001
12.47,31.000,-0.03329,1.368,-0.001
12.53,31.100,-0.03308,1.374,-0.001
12.57,31.200,-0.03291,1.379,-0.001
12.59,31.300,-0.03275,1.382,-0.001
12.62,31.400,-0.03254,1.385,-0.001
12.67,31.500,-0.03237,1.390,-0.001
12.69,31.600,-0.03225,1.393,-0.001
12.72,31.700,-0.03208,1.396,-0.001
12.75,31.800,-0.03192,1.399,-0.001
12.78,31.900,-0.03179,1.402,-0.001
12.80,32.000,-0.03162,1.404,-0.001
12.85,32.100,-0.03150,1.410,-0.001
12.88,32.200,-0.03133,1.414,-0.001
12.91,32.300,-0.03121,1.417,-0.001
12.95,32.400,-0.03108,1.421,-0.001
12.98,32.500,-0.03092,1.424,-0.001
13.01,32.600,-0.03079,1.428,-0.001
13.04,32.700,-0.03067,1.430,-0.001
13.08,32.800,-0.03054,1.435,-0.001
13.13,32.900,-0.03038,1.440,-0.001
13.14,33.000,-0.03025,1.442,-0.001
13.20,33.100,-0.03013,1.448,-0.001
13.23,33.200,-0.02996,1.451,-0.001
13.25,33.300,-0.02984,1.454,-0.001
13.30,33.400,-0.02967,1.459,-0.001
13.35,33.500,-0.02955,1.465,-0.001
13.40,33.600,-0.02938,1.470,-0.001
13.42,33.700,-0.02926,1.472,-0.001
13.43,33.800,-0.02909,1.474,-0.001
13.49,33.900,-0.02897,1.480,-0.001
13.53,34.000,-0.02880,1.484,-0.001
13.56,34.100,-0.02863,1.488,-0.001
13.59,34.200,-0.02851,1.491,-0.001
13.65,34.300,-0.02834,1.498,-0.001
13.69,34.400,-0.02818,1.502,-0.001
13.72,34.500,-0.02805,1.505,-0.001
13.76,34.600,-0.02788,1.510,-0.001
13.82,34.700,-0.02772,1.516,-0.001
13.85,34.800,-0.02755,1.520,-0.001
13.89,34.900,-0.02739,1.524,-0.001
13.94,35.000,-0.02726,1.529,-0.001
13.97,35.100,-0.02710,1.533,-0.001
14.01,35.200,-0.02689,1.537,-0.001
14.07,35.300,-0.02672,1.544,-0.001
14.13,35.400,-0.02651,1.551,-0.001
14.16,35.500,-0.02635,1.554,-0.001
14.22,35.600,-0.02614,1.561,-0.001
14.28,35.700,-0.02593,1.567,-0.001
14.35,35.800,-0.02572,1.574,-0.001
14.43,35.900,-0.02552,1.583,-0.001
14.49,36.000,-0.02531,1.590,0.000
14.54,36.100,-0.02506,1.595,0.000
14.59,36.200,-0.02485,1.601,0.000
14.64,36.300,-0.02464,1.607,0.000
14.72,36.400,-0.02444,1.615,0.000
14.76,36.500,-0.02423,1.620,0.000
14.82,36.600,-0.02402,1.626,0.000
14.87,36.700,-0.02381,1.631,0.000
14.93,36.800,-0.02365,1.638,0.000
14.95,36.900,-0.02344,1.641,0.000
15.00,37.000,-0.02327,1.646,0.000
15.06,37.100,-0.02311,1.652,0.000
15.09,37.200,-0.02294,1.656,0.000
15.13,37.300,-0.02277,1.660,0.000
15.17,37.400,-0.02265,1.664,0.000
15.21,37.500,-0.02248,1.669,0.000
15.23,37.600,-0.02236,1.671,0.000
15.26,37.700,-0.02219,1.675,0.000
15.30,37.800,-0.02207,1.678,0.000
15.36,37.900,-0.02190,1.685,0.000
15.38,38.000,-0.02178,1.687,0.000
15.42,38.100,-0.02165,1.691,0.000
15.45,38.200,-0.02153,1.696,0.000
15.49,38.300,-0.02136,1.700,0.000
15.54,38.400,-0.02124,1.705,0.000
15.58,38.500,-0.02111,1.709,0.000
15.62,38.600,-0.02094,1.713,0.000
15.64,38.700,-0.02082,1.716,0.000
15.68,38.800,-0.02070,1.720,0.000
15.73,38.900,-0.02053,1.725,0.000
15.76,39.000,-0.02040,1.729,0.000
15.80,39.100,-0.02024,1.734,0.000
15.85,39.200,-0.02011,1.739,0.000
15.90,39.300,-0.01995,1.745,0.000
15.93,39.400,-0.01978,1.748,0.000
15.98,39.500,-0.01966,1.753,0.000
16.03,39.600,-0.01949,1.759,0.000
16.09,39.700,-0.01932,1.766,0.000
16.13,39.800,-0.01916,1.770,0.000
16.17,39.900,-0.01899,1.774,0.000
16.24,40.000,-0.01887,1.782,0.000
16.26,40.100,-0.01870,1.784,0.000
16.32,40.200,-0.01853,1.791,0.000
16.38,40.300,-0.01837,1.797,0.000
16.41,40.400,-0.01820,1.801,0.000
16.47,40.500,-0.01804,1.807,0.000
16.52,40.600,-0.01787,1.812,0.000
16.57,40.700,-0.01770,1.818,0.000
16.63,40.800,-0.01754,1.824,0.000
16.70,40.900,-0.01737,1.832,0.000
16.75,41.000,-0.01716,1.838,0.000
16.80,41.100,-0.01696,1.843,0.000
16.88,41.200,-0.01679,1.852,0.000
16.97,41.300,-0.01658,1.862,0.000
17.02,41.400,-0.01637,1.867,0.000
17.10,41.500,-0.01612,1.877,0.000
17.16,41.600,-0.01592,1.883,0.000
17.23,41.700,-0.01571,1.891,0.000
17.31,41.800,-0.01546,1.900,0.000
17.38,41.900,-0.01525,1.907,0.000
17.43,42.000,-0.01504,1.912,0.000
17.52,42.100,-0.01484,1.922,0.000
17.58,42.200,-0.01463,1.929,0.000
17.64,42.300,-0.01442,1.936,0.000
17.71,42.400,-0.01421,1.944,0.000
17.77,42.500,-0.01405,1.949,0.000
17.83,42.600,-0.01384,1.956,0.000
17.87,42.700,-0.01367,1.960,0.000
17.94,42.800,-0.01351,1.968,0.000
17.95,42.900,-0.01334,1.969,0.000
17.98,43.000,-0.01322,1.973,0.000
18.05,43.100,-0.01305,1.980,0.000
18.08,43.200,-0.01288,1.984,0.000
18.12,43.300,-0.01276,1.989,0.000
18.18,43.400,-0.01259,1.994,0.000
18.23,43.500,-0.01247,2.000,0.000
18.25,43.600,-0.01230,2.003,0.000
18.30,43.700,-0.01218,2.008,0.000
18.33,43.800,-0.01205,2.011,0.000
18.39,43.900,-0.01189,2.017,0.000
18.41,44.000,-0.01176,2.020,0.000
18.45,44.100,-0.01164,2.025,0.000
18.51,44.200,-0.01147,2.031,0.000
18.56,44.300,-0.01135,2.037,0.000
18.59,44.400,-0.01118,2.040,0.000
18.67,44.500,-0.01105,2.048,0.000
18.70,44.600,-0.01089,2.052,0.000
18.76,44.700,-0.01076,2.059,0.000
18.82,44.800,-0.01060,2.065,0.000
18.90,44.900,-0.01043,2.073,0.000
18.90,45.000,-0.01031,2.074,0.000
18.97,45.100,-0.01014,2.081,0.000
18.99,45.200,-0.00997,2.083,0.000
19.04,45.300,-0.00981,2.089,0.000
19.09,45.400,-0.00968,2.095,0.000
19.15,45.500,-0.00952,2.101,0.000
19.19,45.600,-0.00935,2.106,0.000
19.26,45.700,-0.00918,2.114,0.000
19.33,45.800,-0.00902,2.120,0.000
19.38,45.900,-0.00889,2.127,0.000
19.44,46.000,-0.00873,2.133,0.000
19.49,46.100,-0.00856,2.138,0.000
19.55,46.200,-0.00839,2.145,0.000
19.62,46.300,-0.00819,2.152,0.000
19.69,46.400,-0.00802,2.160,0.000
19.75,46.500,-0.00785,2.167,0.000
19.82,46.600,-0.00765,2.174,0.000
19.90,46.700,-0.00748,2.183,0.000
19.97,46.800,-0.00727,2.191,0.000
20.06,46.900,-0.00707,2.201,0.000
20.14,47.000,-0.00686,2.209,0.000
20.24,47.100,-0.00665,2.220,0.000
20.31,47.200,-0.00640,2.228,0.000
20.38,47.300,-0.00619,2.236,0.000
20.44,47.400,-0.00598,2.243,0.000
20.53,47.500,-0.00578,2.253,0.000
20.59,47.600,-0.00557,2.260,0.000
20.67,47.700,-0.00536,2.268,0.000
20.75,47.800,-0.00515,2.277,0.000
20.80,47.900,-0.00499,2.282,0.000
20.87,48.000,-0.00478,2.290,0.000
20.94,48.100,-0.00461,2.297,0.000
20.98,48.200,-0.00445,2.302,0.000
21.03,48.300,-0.00424,2.308,0.000
21.09,48.400,-0.00411,2.314,0.000
21.16,48.500,-0.00395,2.321,0.000
21.19,48.600,-0.00378,2.325,0.000
21.25,48.700,-0.00362,2.332,0.000
21.31,48.800,-0.00345,2.338,0.000
21.35,48.900,-0.00333,2.342,0.000
21.41,49.000,-0.00316,2.349,0.000
21.46,49.100,-0.00303,2.354,0.000
21.51,49.200,-0.00287,2.360,0.000
21.55,49.300,-0.00274,2.364,0.000
21.59,49.400,-0.00262,2.369,0.000
21.65,49.500,-0.00249,2.375,0.000
21.69,49.600,-0.00233,2.380,0.000
21.75,49.700,-0.00220,2.386,0.000
21.79,49.800,-0.00208,2.391,0.000
21.84,49.900,-0.00191,2.396,0.000
21.88,50.000,-0.00179,2.401,0.000
21.95,50.100,-0.00166,2.408,0.000
22.01,50.200,-0.00150,2.415,0.000
22.06,50.300,-0.00137,2.420,0.000
22.13,50.400,-0.00121,2.428,0.000
22.19,50.500,-0.00108,2.434,0.000
22.24,50.600,-0.00091,2.440,0.000
22.30,50.700,-0.00079,2.447,0.000
22.36,50.800,-0.00062,2.453,0.000
22.41,50.900,-0.00046,2.459,0.000
22.46,51.000,-0.00033,2.464,0.000
22.54,51.100,-0.00017,2.473,0.000
22.60,51.200,-0.00004,2.480,0.000
22.67,51.300,0.00012,2.488,0.000
22.74,51.400,0.00029,2.495,0.000
22.81,51.500,0.00046,2.502,0.000
22.86,51.600,0.00062,2.508,0.000
22.94,51.700,0.00079,2.517,0.000
23.00,51.800,0.00091,2.523,0.000
23.06,51.900,0.00112,2.530,0.000
23.13,52.000,0.00129,2.538,0.000
23.23,52.100,0.00145,2.549,0.000
23.30,52.200,0.00162,2.556,0.000
23.37,52.300,0.00183,2.564,0.000
23.45,52.400,0.00204,2.573,0.000
23.54,52.500,0.00224,2.583,0.000
23.63,52.600,0.00245,2.593,0.000
23.74,52.700,0.00266,2.605,0.000
23.82,52.800,0.00287,2.614,0.000
23.89,52.900,0.00312,2.622,0.000
23.99,53.000,0.00332,2.632,0.000
24.07,53.100,0.00353,2.641,0.000
24.17,53.200,0.00374,2.652,0.000
24.23,53.300,0.00395,2.659,0.000
24.32,53.400,0.00415,2.668,0.000
24.38,53.500,0.00436,2.675,0.000
24.45,53.600,0.00457,2.683,0.000
24.53,53.700,0.00474,2.691,0.000
24.59,53.800,0.00494,2.698,0.000
24.65,53.900,0.00511,2.705,0.000
24.71,54.000,0.00528,2.712,0.000
24.75,54.100,0.00544,2.716,0.000
24.81,54.200,0.00561,2.722,0.000
24.84,54.300,0.00578,2.725,0.000
24.82,54.400,0.00590,2.723,0.000
24.87,54.500,0.00607,2.729,0.000
24.92,54.600,0.00619,2.735,0.000
24.97,54.700,0.00632,2.740,0.000
25.02,54.800,0.00648,2.745,0.000
25.06,54.900,0.00661,2.750,0.000
25.12,55.000,0.00673,2.757,0.000
25.16,55.100,0.00686,2.761,0.000
25.21,55.200,0.00702,2.766,0.000
25.28,55.300,0.00715,2.774,0.000
25.33,55.400,0.00727,2.779,0.000
25.40,55.500,0.00740,2.787,0.000
25.47,55.600,0.00756,2.794,0.000
25.53,55.700,0.00769,2.802,0.000
25.59,55.800,0.00781,2.807,0.000
25.64,55.900,0.00798,2.813,0.000
25.70,56.000,0.00810,2.820,0.000
25.77,56.100,0.00827,2.828,0.000
25.85,56.200,0.00839,2.837,0.000
25.91,56.300,0.00856,2.843,0.000
25.98,56.400,0.00873,2.851,0.000
26.04,56.500,0.00885,2.858,0.000
26.12,56.600,0.00902,2.866,0.000
26.20,56.700,0.00918,2.875,0.000
26.26,56.800,0.00931,2.881,0.000
26.30,56.900,0.00947,2.886,0.000
26.40,57.000,0.00964,2.896,0.000
26.46,57.100,0.00981,2.904,0.000
26.53,57.200,0.00993,2.911,0.000
26.59,57.300,0.01010,2.918,0.000
26.67,57.400,0.01026,2.926,0.000
26.74,57.500,0.01043,2.933,0.000
26.83,57.600,0.01060,2.944,0.000
26.91,57.700,0.01076,2.953,0.000
26.99,57.800,0.01097,2.962,0.000
27.08,57.900,0.01114,2.972,0.000
27.15,58.000,0.01134,2.979,0.000
27.25,58.100,0.01151,2.990,0.000
27.34,58.200,0.01172,3.000,0.000
27.44,58.300,0.01193,3.011,0.000
27.54,58.400,0.01213,3.022,0.000
27.65,58.500,0.01234,3.033,0.000
27.73,58.600,0.01255,3.043,0.000
27.82,58.700,0.01276,3.053,0.000
27.91,58.800,0.01296,3.062,0.000
28.00,58.900,0.01317,3.072,0.000
28.09,59.000,0.01338,3.082,0.000
28.18,59.100,0.01359,3.092,0.000
28.28,59.200,0.01380,3.103,0.000
28.34,59.300,0.01400,3.109,0.000
28.45,59.400,0.01417,3.121,0.000
28.51,59.500,0.01438,3.129,0.000
28.58,59.600,0.01454,3.136,0.000
28.66,59.700,0.01471,3.145,0.000
28.75,59.800,0.01488,3.154,0.000
28.81,59.900,0.01504,3.162,0.000
28.87,60.000,0.01521,3.168,0.000
28.96,60.100,0.01533,3.177,0.000
29.01,60.200,0.01550,3.183,0.000
29.07,60.300,0.01562,3.189,0.000
29.14,60.400,0.01579,3.198,0.000
29.20,60.500,0.01592,3.204,0.000
29.26,60.600,0.01604,3.211,0.000
29.33,60.700,0.01621,3.218,0.000
29.39,60.800,0.01633,3.224,0.000
29.48,60.900,0.01646,3.234,0.000
29.53,61.000,0.01658,3.240,0.000
29.60,61.100,0.01675,3.248,0.000
29.66,61.200,0.01687,3.255,0.000
29.75,61.300,0.01700,3.264,0.000
29.81,61.400,0.01716,3.271,0.000
29.90,61.500,0.01729,3.280,0.000
29.97,61.600,0.01745,3.289,0.000
30.05,61.700,0.01758,3.297,0.000
30.14,61.800,0.01774,3.307,0.000
30.20,61.900,0.01787,3.313,0.000
30.30,62.000,0.01803,3.324,0.000
30.37,62.100,0.01820,3.332,0.000
30.44,62.200,0.01833,3.340,0.000
30.53,62.300,0.01849,3.349,0.000
30.62,62.400,0.01866,3.359,0.000
30.68,62.500,0.01878,3.367,0.000
30.78,62.600,0.01895,3.377,0.000
30.84,62.700,0.01912,3.384,0.000
30.91,62.800,0.01924,3.391,0.000
30.99,62.900,0.01941,3.400,0.000
31.08,63.000,0.01957,3.410,0.000
31.15,63.100,0.01974,3.418,0.000
31.24,63.200,0.01990,3.428,0.000
31.34,63.300,0.02007,3.439,0.000
31.43,63.400,0.02024,3.449,0.000
31.52,63.500,0.02040,3.459,0.000
31.63,63.600,0.02061,3.471,0.000
31.73,63.700,0.02078,3.482,0.000
31.82,63.800,0.02099,3.492,0.000
31.95,63.900,0.02115,3.505,0.000
32.05,64.000,0.02136,3.517,0.000
32.18,64.100,0.02157,3.531,0.000
32.30,64.200,0.02177,3.544,0.000
32.41,64.300,0.02198,3.556,0.000
32.51,64.400,0.02219,3.567,0.000
32.63,64.500,0.02240,3.581,0.000
32.75,64.600,0.02261,3.593,0.000
32.85,64.700,0.02281,3.605,0.000
32.96,64.800,0.02302,3.616,0.000
33.07,64.900,0.02323,3.628,0.000
33.18,65.000,0.02340,3.640,0.000
33.25,65.100,0.02360,3.649,0.000
33.35,65.200,0.02377,3.659,0.000
33.42,65.300,0.02394,3.666,0.000
33.49,65.400,0.02410,3.674,0.000
33.60,65.500,0.02427,3.687,0.000
33.67,65.600,0.02443,3.694,0.000
33.74,65.700,0.02460,3.702,0.000
33.82,65.800,0.02473,3.710,0.000
33.89,65.900,0.02489,3.719,0.000
33.99,66.000,0.02502,3.730,0.000
34.05,66.100,0.02518,3.736,0.000
34.15,66.200,0.02531,3.747,0.000
34.24,66.300,0.02543,3.757,0.001
34.28,66.400,0.02560,3.761,0.001
34.36,66.500,0.02572,3.770,0.001
34.42,66.600,0.02585,3.776,0.001
34.50,66.700,0.02597,3.785,0.001
34.57,66.800,0.02610,3.793,0.001
34.66,66.900,0.02626,3.803,0.001
34.75,67.000,0.02639,3.813,0.001
34.82,67.100,0.02651,3.821,0.001
34.90,67.200,0.02668,3.830,0.001
34.99,67.300,0.02680,3.839,0.001
35.07,67.400,0.02697,3.848,0.001
35.15,67.500,0.02709,3.857,0.001
35.22,67.600,0.02722,3.865,0.001
35.33,67.700,0.02738,3.876,0.001
35.42,67.800,0.02755,3.886,0.001
35.48,67.900,0.02768,3.893,0.001
35.59,68.000,0.02784,3.905,0.001
35.66,68.100,0.02797,3.913,0.001
35.74,68.200,0.02813,3.921,0.001
35.84,68.300,0.02830,3.933,0.001
35.93,68.400,0.02842,3.943,0.001
36.01,68.500,0.02859,3.951,0.001
36.08,68.600,0.02876,3.959,0.001
36.16,68.700,0.02892,3.967,0.001
36.24,68.800,0.02905,3.976,0.001
36.34,68.900,0.02921,3.987,0.001
36.43,69.000,0.02938,3.997,0.001
36.53,69.100,0.02955,4.008,0.001
36.64,69.200,0.02971,4.020,0.001
36.74,69.300,0.02988,4.031,0.001
36.84,69.400,0.03009,4.042,0.001
37.00,69.500,0.03025,4.060,0.001
37.12,69.600,0.03046,4.073,0.001
37.24,69.700,0.03067,4.086,0.001
37.38,69.800,0.03088,4.101,0.001
37.52,69.900,0.03112,4.116,0.001
37.66,70.000,0.03133,4.132,0.001
37.80,70.100,0.03154,4.147,0.001
37.95,70.200,0.03175,4.164,0.001
38.07,70.300,0.03200,4.177,0.001
38.19,70.400,0.03221,4.190,0.001
38.31,70.500,0.03241,4.204,0.001
38.43,70.600,0.03262,4.216,0.001
38.56,70.700,0.03279,4.231,0.001
38.65,70.800,0.03299,4.241,0.001
38.76,70.900,0.03316,4.253,0.001
38.86,71.000,0.03337,4.263,0.001
38.93,71.100,0.03353,4.272,0.001
39.01,71.200,0.03370,4.281,0.001
39.13,71.300,0.03383,4.293,0.001
39.18,71.400,0.03399,4.299,0.001
39.24,71.500,0.03412,4.306,0.001
39.34,71.600,0.03428,4.316,0.001
39.41,71.700,0.03441,4.324,0.001
39.45,71.800,0.03457,4.329,0.001
39.54,71.900,0.03470,4.338,0.001
39.62,72.000,0.03482,4.347,0.001
39.70,72.100,0.03495,4.356,0.001
39.76,72.200,0.03511,4.363,0.001
39.83,72.300,0.03524,4.371,0.001
39.91,72.400,0.03536,4.379,0.001
39.96,72.500,0.03549,4.385,0.001
40.05,72.600,0.03565,4.394,0.001
40.13,72.700,0.03578,4.403,0.001
40.21,72.800,0.03590,4.412,0.001
40.30,72.900,0.03607,4.422,0.001
40.38,73.000,0.03619,4.430,0.001
40.47,73.100,0.03636,4.441,0.001
40.56,73.200,0.03649,4.451,0.001
40.65,73.300,0.03665,4.461,0.001
40.75,73.400,0.03678,4.471,0.001
40.84,73.500,0.03694,4.481,0.001
40.93,73.600,0.03707,4.491,0.001
41.03,73.700,0.03723,4.502,0.001
41.13,73.800,0.03740,4.513,0.001
41.24,73.900,0.03752,4.525,0.001
41.33,74.000,0.03769,4.535,0.001
41.43,74.100,0.03786,4.545,0.001
41.53,74.200,0.03802,4.557,0.001
41.64,74.300,0.03819,4.568,0.001
41.73,74.400,0.03831,4.579,0.001
41.82,74.500,0.03848,4.589,0.001
41.95,74.600,0.03865,4.603,0.001
42.04,74.700,0.03881,4.613,0.001
42.14,74.800,0.03898,4.624,0.001
42.28,74.900,0.03919,4.639,0.001
42.40,75.000,0.03935,4.653,0.001
42.53,75.100,0.03952,4.666,0.001
42.68,75.200,0.03973,4.683,0.001
42.81,75.300,0.03993,4.697,0.001
42.97,75.400,0.04014,4.715,0.001
43.16,75.500,0.04035,4.735,0.001
43.31,75.600,0.04056,4.752,0.001
43.45,75.700,0.04077,4.767,0.001
43.63,75.800,0.04097,4.787,0.001
43.79,75.900,0.04122,4.805,0.001
43.93,76.000,0.04143,4.820,0.001
44.05,76.100,0.04164,4.833,0.001
44.20,76.200,0.04185,4.850,0.001
44.35,76.300,0.04205,4.866,0.001
44.45,76.400,0.04222,4.877,0.001
44.60,76.500,0.04243,4.894,0.001
44.72,76.600,0.04264,4.907,0.001
44.84,76.700,0.04280,4.919,0.001
44.95,76.800,0.04297,4.932,0.001
45.06,76.900,0.04313,4.944,0.001
45.16,77.000,0.04330,4.955,0.001
45.26,77.100,0.04347,4.965,0.001
45.36,77.200,0.04359,4.977,0.001
45.48,77.300,0.04376,4.990,0.001
45.56,77.400,0.04392,4.999,0.001
45.68,77.500,0.04405,5.012,0.001
45.76,77.600,0.04421,5.021,0.001
45.87,77.700,0.04434,5.033,0.001
45.95,77.800,0.04446,5.042,0.001
46.04,77.900,0.04463,5.052,0.001
46.15,78.000,0.04476,5.064,0.001
46.25,78.100,0.04488,5.074,0.001
46.35,78.200,0.04505,5.086,0.001
46.45,78.300,0.04517,5.096,0.001
46.57,78.400,0.04534,5.109,0.001
46.66,78.500,0.04546,5.119,0.001
46.77,78.600,0.04563,5.132,0.001
46.90,78.700,0.04575,5.146,0.001
47.00,78.800,0.04592,5.157,0.001
47.13,78.900,0.04604,5.171,0.001
47.26,79.000,0.04621,5.186,0.001
47.39,79.100,0.04638,5.200,0.001
47.52,79.200,0.04650,5.214,0.001
47.65,79.300,0.04667,5.228,0.001
47.79,79.400,0.04683,5.243,0.001
47.90,79.500,0.04700,5.256,0.001
48.00,79.600,0.04712,5.267,0.001
48.14,79.700,0.04729,5.282,0.001
48.26,79.800,0.04746,5.295,0.001
48.39,79.900,0.04762,5.310,0.001
48.52,80.000,0.04779,5.324,0.001
48.65,80.100,0.04795,5.338,0.001
48.77,80.200,0.04812,5.352,0.001
48.91,80.300,0.04829,5.367,0.001
49.06,80.400,0.04845,5.383,0.001
49.19,80.500,0.04862,5.397,0.001
49.32,80.600,0.04883,5.411,0.001
49.46,80.700,0.04899,5.427,0.001
49.62,80.800,0.04920,5.444,0.001
49.76,80.900,0.04937,5.460,0.001
49.92,81.000,0.04958,5.477,0.001
50.09,81.100,0.04978,5.496,0.001
50.25,81.200,0.04999,5.514,0.001
50.43,81.300,0.05020,5.534,0.001
50.62,81.400,0.05045,5.554,0.001
50.81,81.500,0.05066,5.575,0.001
50.97,81.600,0.05086,5.593,0.001
51.14,81.700,0.05107,5.611,0.001
51.29,81.800,0.05128,5.628,0.001
51.45,81.900,0.05145,5.645,0.001
51.61,82.000,0.05165,5.663,0.001
51.75,82.100,0.05186,5.678,0.001
51.90,82.200,0.05203,5.695,0.001
52.02,82.300,0.05224,5.707,0.001
52.15,82.400,0.05240,5.722,0.001
52.28,82.500,0.05257,5.737,0.001
52.42,82.600,0.05273,5.751,0.001
52.51,82.700,0.05290,5.762,0.001
52.62,82.800,0.05307,5.774,0.001
52.74,82.900,0.05319,5.787,0.001
52.86,83.000,0.05336,5.800,0.001
52.95,83.100,0.05348,5.809,0.001
53.04,83.200,0.05365,5.820,0.001
53.15,83.300,0.05377,5.831,0.001
53.25,83.400,0.05394,5.843,0.001
53.35,83.500,0.05406,5.854,0.001
53.46,83.600,0.05419,5.866,0.001
53.57,83.700,0.05435,5.878,0.001
53.69,83.800,0.05448,5.891,0.001
53.81,83.900,0.05460,5.905,0.001
53.91,84.000,0.05477,5.915,0.001
54.04,84.100,0.05489,5.930,0.001
54.17,84.200,0.05502,5.943,0.001
54.27,84.300,0.05519,5.955,0.001
54.36,84.400,0.05535,5.964,0.001
54.46,84.500,0.05548,5.976,0.001
54.57,84.600,0.05564,5.988,0.001
54.68,84.700,0.05577,6.000,0.001
54.81,84.800,0.05593,6.014,0.001
54.97,84.900,0.05610,6.031,0.001
55.09,85.000,0.05622,6.045,0.001
55.23,85.100,0.05639,6.060,0.001
55.36,85.200,0.05656,6.074,0.001
55.48,85.300,0.05668,6.087,0.001
55.62,85.400,0.05685,6.102,0.001
55.77,85.500,0.05701,6.120,0.001
55.89,85.600,0.05718,6.132,0.001
56.04,85.700,0.05735,6.149,0.001
56.18,85.800,0.05747,6.164,0.001
56.33,85.900,0.05764,6.181,0.001
56.47,86.000,0.05780,6.195,0.001
56.61,86.100,0.05797,6.212,0.001
56.77,86.200,0.05814,6.229,0.001
56.93,86.300,0.05834,6.247,0.001
57.11,86.400,0.05851,6.266,0.001
57.29,86.500,0.05872,6.286,0.001
57.47,86.600,0.05893,6.306,0.001
57.68,86.700,0.05909,6.328,0.001
57.85,86.800,0.05934,6.347,0.001
58.07,86.900,0.05955,6.371,0.001
58.28,87.000,0.05976,6.394,0.001
58.47,87.100,0.06001,6.416,0.001
58.66,87.200,0.06021,6.436,0.001
58.87,87.300,0.06042,6.459,0.001
59.04,87.400,0.06063,6.478,0.001
59.23,87.500,0.06084,6.498,0.001
59.42,87.600,0.06104,6.520,0.001
59.57,87.700,0.06125,6.536,0.001
59.75,87.800,0.06142,6.556,0.001
59.90,87.900,0.06163,6.572,0.001
60.07,88.000,0.06179,6.590,0.001
60.21,88.100,0.06196,6.607,0.001
60.35,88.200,0.06213,6.622,0.001
60.48,88.300,0.06229,6.636,0.001
60.64,88.400,0.06246,6.653,0.001
60.76,88.500,0.06258,6.667,0.001
60.90,88.600,0.06275,6.682,0.001
61.02,88.700,0.06287,6.695,0.001
61.15,88.800,0.06300,6.709,0.001
61.27,88.900,0.06316,6.722,0.001
61.40,89.000,0.06329,6.737,0.001
61.52,89.100,0.06341,6.750,0.001
61.65,89.200,0.06354,6.764,0.001
61.78,89.300,0.06370,6.779,0.001
61.91,89.400,0.06383,6.792,0.001
62.04,89.500,0.06395,6.807,0.001
62.17,89.600,0.06408,6.822,0.001
62.29,89.700,0.06424,6.835,0.001
62.46,89.800,0.06437,6.853,0.001
62.58,89.900,0.06454,6.866,0.001
62.71,90.000,0.06466,6.880,0.001
62.82,90.100,0.06478,6.892,0.001
62.95,90.200,0.06495,6.907,0.001
63.10,90.300,0.06512,6.923,0.001
63.26,90.400,0.06524,6.941,0.001
63.41,90.500,0.06541,6.958,0.001
63.53,90.600,0.06553,6.971,0.001
63.68,90.700,0.06570,6.987,0.001
63.84,90.800,0.06587,7.005,0.001
63.98,90.900,0.06599,7.020,0.001
64.13,91.000,0.06616,7.036,0.001
64.29,91.100,0.06632,7.054,0.001
64.44,91.200,0.06649,7.071,0.001
64.60,91.300,0.06661,7.088,0.001
64.76,91.400,0.06678,7.105,0.001
64.92,91.500,0.06695,7.123,0.001
65.08,91.600,0.06711,7.141,0.001
65.25,91.700,0.06728,7.160,0.001
65.43,91.800,0.06744,7.179,0.001
65.61,91.900,0.06761,7.199,0.001
65.79,92.000,0.06782,7.219,0.001
65.99,92.100,0.06798,7.241,0.001
66.17,92.200,0.06819,7.260,0.001
66.38,92.300,0.06840,7.283,0.001
66.57,92.400,0.06861,7.304,0.001
66.79,92.500,0.06882,7.328,0.001
66.99,92.600,0.06902,7.351,0.001
67.21,92.700,0.06923,7.375,0.001
67.45,92.800,0.06948,7.400,0.001
67.66,92.900,0.06969,7.424,0.001
67.85,93.000,0.06990,7.444,0.001
68.08,93.100,0.07010,7.469,0.001
68.27,93.200,0.07031,7.490,0.001
68.47,93.300,0.07052,7.512,0.001
68.66,93.400,0.07069,7.533,0.001
68.85,93.500,0.07089,7.554,0.001
69.03,93.600,0.07106,7.574,0.001
69.22,93.700,0.07127,7.595,0.001
69.40,93.800,0.07143,7.614,0.001
69.53,93.900,0.07160,7.629,0.001
69.67,94.000,0.07172,7.644,0.001
69.81,94.100,0.07189,7.660,0.001
69.97,94.200,0.07206,7.677,0.001
70.11,94.300,0.07218,7.693,0.001
70.25,94.400,0.07235,7.708,0.001
70.40,94.500,0.07247,7.724,0.001
70.53,94.600,0.07264,7.739,0.001
70.64,94.700,0.07276,7.750,0.001
70.80,94.800,0.07289,7.768,0.001
70.92,94.900,0.07301,7.781,0.001
71.04,95.000,0.07318,7.794,0.001
71.18,95.100,0.07330,7.810,0.001
71.31,95.200,0.07343,7.824,0.001
71.45,95.300,0.07355,7.840,0.001
71.57,95.400,0.07372,7.853,0.001
71.73,95.500,0.07384,7.871,0.001
71.87,95.600,0.07401,7.886,0.001
72.03,95.700,0.07414,7.903,0.001
72.17,95.800,0.07430,7.919,0.001
72.28,95.900,0.07443,7.931,0.001
72.47,96.000,0.07459,7.951,0.001
72.60,96.100,0.07472,7.965,0.001
72.73,96.200,0.07488,7.980,0.001
72.87,96.300,0.07501,7.996,0.001
73.01,96.400,0.07517,8.011,0.001
73.16,96.500,0.07534,8.027,0.001
73.28,96.600,0.07546,8.041,0.001
73.41,96.700,0.07563,8.054,0.001
73.56,96.800,0.07580,8.071,0.001
73.69,96.900,0.07596,8.085,0.001
73.81,97.000,0.07609,8.098,0.001
73.95,97.100,0.07625,8.114,0.002
74.08,97.200,0.07642,8.128,0.002
74.22,97.300,0.07659,8.143,0.002
74.34,97.400,0.07675,8.157,0.002
74.48,97.500,0.07692,8.172,0.002
74.63,97.600,0.07709,8.189,0.002
74.79,97.700,0.07725,8.206,0.002
74.95,97.800,0.07746,8.224,0.002
75.11,97.900,0.07767,8.242,0.002
75.27,98.000,0.07783,8.258,0.002
75.45,98.100,0.07804,8.278,0.002
75.65,98.200,0.07825,8.300,0.002
75.83,98.300,0.07846,8.320,0.002
17.91,98.400,0.07866,1.965,0.002
16.09,98.500,0.07891,1.765,0.002
16.01,98.600,0.07912,1.757,0.002
16.29,98.700,0.07933,1.787,0.002
16.65,98.800,0.07954,1.827,0.002
17.01,98.900,0.07970,1.866,0.002
17.30,99.000,0.07991,1.898,0.002
17.59,99.100,0.08012,1.930,0.002
17.88,99.200,0.08029,1.962,0.002
18.12,99.300,0.08045,1.988,0.002
18.40,99.400,0.08066,2.019,0.002
18.66,99.500,0.08083,2.048,0.002
18.91,99.600,0.08099,2.074,0.002
19.13,99.700,0.08116,2.099,0.002
19.36,99.800,0.08128,2.124,0.002
19.55,99.900,0.08145,2.146,0.002
19.77,100.000,0.08162,2.169,0.002
19.98,100.100,0.08174,2.192,0.002
20.17,100.200,0.08191,2.213,0.002
20.37,100.300,0.08203,2.235,0.002
20.57,100.400,0.08216,2.257,0.002
20.73,100.500,0.08232,2.275,0.002
20.89,100.600,0.08245,2.292,0.002
21.05,100.700,0.08257,2.310,0.002
21.24,100.800,0.08270,2.330,0.002
21.40,100.900,0.08286,2.348,0.002
21.56,101.000,0.08299,2.365,0.002
21.72,101.100,0.08311,2.383,0.002
21.89,101.200,0.08324,2.402,0.002
22.03,101.300,0.08340,2.417,0.002
22.18,101.400,0.08353,2.434,0.002
22.35,101.500,0.08365,2.452,0.002
22.49,101.600,0.08382,2.467,0.002
22.63,101.700,0.08394,2.483,0.002
22.78,101.800,0.08411,2.499,0.002
22.93,101.900,0.08423,2.515,0.002
23.09,102.000,0.08440,2.533,0.002
23.20,102.100,0.08457,2.546,0.002
23.38,102.200,0.08469,2.565,0.002
23.50,102.300,0.08486,2.578,0.002
23.63,102.400,0.08502,2.593,0.002
23.74,102.500,0.08515,2.605,0.002
23.89,102.600,0.08531,2.621,0.002
24.01,102.700,0.08548,2.634,0.002
24.14,102.800,0.08565,2.649,0.002
24.27,102.900,0.08577,2.663,0.002
24.41,103.000,0.08594,2.678,0.002
24.50,103.100,0.08610,2.688,0.002
24.64,103.200,0.08627,2.703,0.002
24.76,103.300,0.08644,2.717,0.002
24.91,103.400,0.08664,2.733,0.002
25.03,103.500,0.08681,2.747,0.002
25.17,103.600,0.08702,2.762,0.002
25.33,103.700,0.08723,2.779,0.002
25.46,103.800,0.08743,2.794,0.002
25.61,103.900,0.08764,2.810,0.002
25.72,104.000,0.08785,2.823,0.002
25.90,104.100,0.08806,2.841,0.002
26.04,104.200,0.08826,2.857,0.002
26.18,104.300,0.08847,2.872,0.002
26.34,104.400,0.08872,2.890,0.002
26.46,104.500,0.08893,2.903,0.002
26.61,104.600,0.08914,2.920,0.002
26.73,104.700,0.08934,2.933,0.002
26.86,104.800,0.08955,2.947,0.002
26.99,104.900,0.08976,2.961,0.002
27.09,105.000,0.08993,2.973,0.002
27.22,105.100,0.09009,2.986,0.002
27.33,105.200,0.09030,2.999,0.002
27.43,105.300,0.09047,3.010,0.002
27.53,105.400,0.09063,3.020,0.002
27.63,105.500,0.09076,3.032,0.002
27.72,105.600,0.09092,3.041,0.002
27.81,105.700,0.09105,3.052,0.002
27.91,105.800,0.09121,3.062,0.002
27.99,105.900,0.09134,3.071,0.002
28.09,106.000,0.09151,3.082,0.002
28.17,106.100,0.09163,3.090,0.002
28.27,106.200,0.09175,3.101,0.002
28.34,106.300,0.09192,3.110,0.002
28.44,106.400,0.09205,3.121,0.002
28.53,106.500,0.09217,3.130,0.002
28.62,106.600,0.09229,3.140,0.002
28.69,106.700,0.09246,3.148,0.002
28.81,106.800,0.09259,3.161,0.002
28.90,106.900,0.09271,3.171,0.002
29.00,107.000,0.09288,3.182,0.002
29.09,107.100,0.09300,3.192,0.002
29.20,107.200,0.09317,3.203,0.002
29.26,107.300,0.09329,3.211,0.002
29.37,107.400,0.09346,3.223,0.002
29.49,107.500,0.09362,3.235,0.002
29.60,107.600,0.09375,3.247,0.002
29.69,107.700,0.09392,3.258,0.002
29.79,107.800,0.09408,3.268,0.002
29.91,107.900,0.09421,3.282,0.002
30.02,108.000,0.09437,3.293,0.002
30.13,108.100,0.09454,3.306,0.002
30.23,108.200,0.09471,3.317,0.002
30.34,108.300,0.09487,3.329,0.002
30.45,108.400,0.09504,3.341,0.002
30.56,108.500,0.09520,3.353,0.002
30.66,108.600,0.09533,3.364,0.002
30.74,108.700,0.09554,3.373,0.002
30.88,108.800,0.09570,3.388,0.002
31.00,108.900,0.09587,3.401,0.002
31.13,109.000,0.09603,3.415,0.002
31.26,109.100,0.09624,3.430,0.002
31.39,109.200,0.09645,3.445,0.002
31.52,109.300,0.09662,3.458,0.002
31.65,109.400,0.09682,3.472,0.002
31.80,109.500,0.09707,3.489,0.002
31.92,109.600,0.09728,3.502,0.002
32.08,109.700,0.09749,3.520,0.002
32.22,109.800,0.09774,3.535,0.002
32.35,109.900,0.09795,3.550,0.002
32.49,110.000,0.09815,3.565,0.002
32.60,110.100,0.09836,3.577,0.002
32.74,110.200,0.09857,3.592,0.002
32.85,110.300,0.09878,3.605,0.002
32.98,110.400,0.09899,3.619,0.002
33.10,110.500,0.09919,3.631,0.002
33.21,110.600,0.09940,3.644,0.002
33.30,110.700,0.09957,3.653,0.002
33.43,110.800,0.09977,3.667,0.002
33.51,110.900,0.09994,3.677,0.002
33.60,111.000,0.10011,3.686,0.002
33.67,111.100,0.10027,3.694,0.002
33.75,111.200,0.10040,3.703,0.002
33.85,111.300,0.10056,3.714,0.002
33.92,111.400,0.10069,3.721,0.002
33.99,111.500,0.10086,3.730,0.002
34.09,111.600,0.10098,3.740,0.002
34.17,111.700,0.10115,3.749,0.002
34.23,111.800,0.10127,3.756,0.002
34.31,111.900,0.10140,3.764,0.002
34.39,112.000,0.10156,3.773,0.002
34.45,112.100,0.10169,3.780,0.002
34.53,112.200,0.10181,3.788,0.002
34.62,112.300,0.10198,3.799,0.002
34.72,112.400,0.10210,3.809,0.002
34.81,112.500,0.10227,3.819,0.002
34.90,112.600,0.10239,3.829,0.002
35.00,112.700,0.10256,3.840,0.002
35.08,112.800,0.10268,3.849,0.002
35.16,112.900,0.10285,3.858,0.002
35.27,113.000,0.10297,3.870,0.002
35.36,113.100,0.10314,3.880,0.002
35.45,113.200,0.10331,3.890,0.002
35.54,113.300,0.10347,3.900,0.002
35.65,113.400,0.10360,3.912,0.002
35.73,113.500,0.10376,3.921,0.002
35.81,113.600,0.10393,3.930,0.002
35.92,113.700,0.10406,3.941,0.002
36.02,113.800,0.10422,3.952,0.002
36.10,113.900,0.10439,3.961,0.002
36.20,114.000,0.10455,3.971,0.002
36.30,114.100,0.10472,3.983,0.002
36.41,114.200,0.10489,3.995,0.002
36.49,114.300,0.10505,4.004,0.002
36.60,114.400,0.10522,4.016,0.002
36.70,114.500,0.10539,4.026,0.002
36.81,114.600,0.10555,4.039,0.002
36.91,114.700,0.10576,4.049,0.002
37.03,114.800,0.10597,4.063,0.002
37.13,114.900,0.10613,4.074,0.002
37.25,115.000,0.10634,4.087,0.002
37.37,115.100,0.10655,4.101,0.002
37.49,115.200,0.10676,4.114,0.002
37.63,115.300,0.10701,4.128,0.002
37.73,115.400,0.10721,4.140,0.002
37.83,115.500,0.10742,4.150,0.002
37.96,115.600,0.10763,4.165,0.002
38.04,115.700,0.10784,4.174,0.002
38.13,115.800,0.10804,4.184,0.002
38.26,115.900,0.10825,4.198,0.002
38.35,116.000,0.10846,4.208,0.002
38.44,116.100,0.10863,4.217,0.002
38.54,116.200,0.10883,4.229,0.002
38.60,116.300,0.10900,4.235,0.002
38.70,116.400,0.10917,4.246,0.002
38.77,116.500,0.10933,4.254,0.002
38.84,116.600,0.10950,4.262,0.002
38.93,116.700,0.10967,4.271,0.002
38.99,116.800,0.10983,4.278,0.002
39.05,116.900,0.10996,4.284,0.002
39.12,117.000,0.11012,4.293,0.002
39.17,117.100,0.11029,4.298,0.002
39.22,117.200,0.11041,4.304,0.002
39.28,117.300,0.11054,4.310,0.002
39.32,117.400,0.11070,4.314,0.002
39.37,117.500,0.11083,4.320,0.002
39.42,117.600,0.11095,4.325,0.002
39.47,117.700,0.11112,4.331,0.002
39.51,117.800,0.11124,4.335,0.002
39.54,117.900,0.11137,4.339,0.002
39.57,118.000,0.11149,4.342,0.002
39.61,118.100,0.11166,4.347,0.002
39.67,118.200,0.11178,4.352,0.002
39.72,118.300,0.11195,4.358,0.002
39.74,118.400,0.11208,4.361,0.002
39.80,118.500,0.11224,4.367,0.002
39.83,118.600,0.11241,4.370,0.002
39.88,118.700,0.11253,4.376,0.002
39.92,118.800,0.11270,4.380,0.002
39.98,118.900,0.11282,4.387,0.002
40.04,119.000,0.11299,4.393,0.002
40.08,119.100,0.11316,4.398,0.002
40.16,119.200,0.11332,4.406,0.002
40.21,119.300,0.11345,4.412,0.002
40.28,119.400,0.11361,4.420,0.002
40.34,119.500,0.11378,4.427,0.002
40.40,119.600,0.11390,4.432,0.002
40.47,119.700,0.11407,4.441,0.002
40.52,119.800,0.11424,4.446,0.002
40.60,119.900,0.11440,4.455,0.002
40.68,120.000,0.11457,4.463,0.002
40.77,120.100,0.11474,4.474,0.002
40.82,120.200,0.11490,4.478,0.002
40.93,120.300,0.11511,4.490,0.002
41.01,120.400,0.11528,4.499,0.002
41.09,120.500,0.11548,4.508,0.002
41.19,120.600,0.11569,4.519,0.002
41.28,120.700,0.11590,4.529,0.002
41.37,120.800,0.11611,4.540,0.002
41.45,120.900,0.11631,4.548,0.002
41.53,121.000,0.11656,4.556,0.002
41.61,121.100,0.11677,4.566,0.002
41.71,121.200,0.11698,4.576,0.002
41.78,121.300,0.11719,4.584,0.002
41.87,121.400,0.11744,4.594,0.002
41.94,121.500,0.11760,4.601,0.002
42.00,121.600,0.11781,4.608,0.002
42.05,121.700,0.11802,4.614,0.002
42.13,121.800,0.11823,4.622,0.002
42.17,121.900,0.11839,4.627,0.002
42.22,122.000,0.11856,4.632,0.002
42.27,122.100,0.11872,4.638,0.002
42.32,122.200,0.11889,4.643,0.002
42.39,122.300,0.11906,4.651,0.002
42.43,122.400,0.11918,4.656,0.002
42.47,122.500,0.11935,4.660,0.002
42.52,122.600,0.11951,4.665,0.002
42.58,122.700,0.11964,4.672,0.002
42.61,122.800,0.11976,4.675,0.002
42.67,122.900,0.11993,4.682,0.002
42.72,123.000,0.12005,4.688,0.002
42.78,123.100,0.12018,4.694,0.002
42.82,123.200,0.12030,4.698,0.002
42.88,123.300,0.12047,4.704,0.002
42.91,123.400,0.12059,4.709,0.002
42.98,123.500,0.12072,4.716,0.002
43.05,123.600,0.12084,4.724,0.002
43.13,123.700,0.12101,4.732,0.002
43.17,123.800,0.12113,4.737,0.002
43.23,123.900,0.12130,4.744,0.002
43.29,124.000,0.12143,4.750,0.002
43.38,124.100,0.12155,4.759,0.002
43.41,124.200,0.12172,4.763,0.002
43.49,124.300,0.12188,4.771,0.002
43.55,124.400,0.12201,4.778,0.002
43.62,124.500,0.12217,4.786,0.002
43.68,124.600,0.12230,4.793,0.002
43.74,124.700,0.12246,4.800,0.002
43.81,124.800,0.12263,4.806,0.002
43.88,124.900,0.12276,4.815,0.002
43.93,125.000,0.12292,4.820,0.002
43.99,125.100,0.12309,4.826,0.002
44.06,125.200,0.12325,4.834,0.002
44.14,125.300,0.12342,4.843,0.002
44.19,125.400,0.12354,4.849,0.002
44.24,125.500,0.12371,4.854,0.002
44.30,125.600,0.12388,4.860,0.002
44.36,125.700,0.12404,4.867,0.002
44.42,125.800,0.12421,4.874,0.002
44.49,125.900,0.12438,4.881,0.002
44.57,126.000,0.12458,4.890,0.002
44.65,126.100,0.12475,4.899,0.002
44.72,126.200,0.12496,4.907,0.002
44.79,126.300,0.12517,4.914,0.002
44.87,126.400,0.12537,4.923,0.002
44.97,126.500,0.12558,4.934,0.002
45.06,126.600,0.12579,4.944,0.002
45.14,126.700,0.12600,4.953,0.002
45.19,126.800,0.12625,4.958,0.002
45.25,126.900,0.12645,4.965,0.002
45.30,127.000,0.12666,4.970,0.002
45.37,127.100,0.12687,4.978,0.002
45.42,127.200,0.12708,4.983,0.003
45.47,127.300,0.12728,4.989,0.003
45.54,127.400,0.12745,4.996,0.003
45.56,127.500,0.12766,4.999,0.003
45.62,127.600,0.12783,5.005,0.003
45.64,127.700,0.12799,5.008,0.003
45.67,127.800,0.12816,5.011,0.003
45.71,127.900,0.12832,5.015,0.003
45.73,128.000,0.12849,5.018,0.003
45.77,128.100,0.12866,5.022,0.003
45.81,128.200,0.12882,5.026,0.003
45.85,128.300,0.12895,5.030,0.003
45.87,128.400,0.12911,5.033,0.003
45.91,128.500,0.12924,5.037,0.003
45.92,128.600,0.12936,5.038,0.003
45.94,128.700,0.12953,5.041,0.003
46.01,128.800,0.12965,5.048,0.003
46.03,128.900,0.12982,5.050,0.003
46.05,129.000,0.12994,5.053,0.003
46.06,129.100,0.13007,5.054,0.003
46.10,129.200,0.13019,5.058,0.003
46.14,129.300,0.13036,5.063,0.003
46.17,129.400,0.13048,5.066,0.003
46.19,129.500,0.13061,5.068,0.003
46.25,129.600,0.13078,5.074,0.003
46.28,129.700,0.13090,5.078,0.003
46.32,129.800,0.13102,5.082,0.003
46.40,129.900,0.13119,5.091,0.003
46.44,130.000,0.13136,5.095,0.003
46.46,130.100,0.13148,5.098,0.003
46.51,130.200,0.13165,5.103,0.003
46.58,130.300,0.13177,5.110,0.003
46.59,130.400,0.13194,5.112,0.003
46.65,130.500,0.13211,5.118,0.003
46.68,130.600,0.13223,5.121,0.003
46.71,130.700,0.13240,5.125,0.003
46.72,130.800,0.13256,5.126,0.003
46.76,130.900,0.13269,5.131,0.003
46.77,131.000,0.13285,5.132,0.003
46.77,131.100,0.13302,5.131,0.003
46.79,131.200,0.13319,5.134,0.003
46.82,131.300,0.13335,5.138,0.003
46.85,131.400,0.13352,5.140,0.003
46.92,131.500,0.13368,5.148,0.003
46.95,131.600,0.13385,5.151,0.003
47.00,131.700,0.13402,5.157,0.003
47.04,131.800,0.13422,5.162,0.003
47.07,131.900,0.13439,5.164,0.003
47.07,132.000,0.13460,5.164,0.003
47.13,132.100,0.13481,5.171,0.003
47.17,132.200,0.13501,5.175,0.003
47.20,132.300,0.13522,5.179,0.003
47.22,132.400,0.13543,5.181,0.003
47.21,132.500,0.13564,5.180,0.003
47.23,132.600,0.13585,5.183,0.003
47.27,132.700,0.13605,5.186,0.003
47.30,132.800,0.13622,5.190,0.003
47.30,132.900,0.13643,5.190,0.003
47.33,133.000,0.13664,5.193,0.003
47.35,133.100,0.13684,5.196,0.003
47.37,133.200,0.13701,5.197,0.003
47.38,133.300,0.13722,5.199,0.003
47.39,133.400,0.13738,5.200,0.003
47.41,133.500,0.13755,5.202,0.003
47.42,133.600,0.13772,5.203,0.003
47.43,133.700,0.13788,5.204,0.003
47.44,133.800,0.13805,5.206,0.003
47.45,133.900,0.13817,5.206,0.003
47.47,134.000,0.13834,5.208,0.003
47.49,134.100,0.13851,5.210,0.003
47.51,134.200,0.13863,5.213,0.003
47.52,134.300,0.13875,5.213,0.003
47.53,134.400,0.13892,5.215,0.003
47.56,134.500,0.13905,5.218,0.003
47.59,134.600,0.13917,5.222,0.003
47.61,134.700,0.13934,5.224,0.003
47.63,134.800,0.13946,5.226,0.003
47.64,134.900,0.13959,5.227,0.003
47.68,135.000,0.13971,5.231,0.003
47.70,135.100,0.13983,5.233,0.003
47.72,135.200,0.14000,5.236,0.003
47.74,135.300,0.14013,5.238,0.003
47.77,135.400,0.14025,5.241,0.003
47.78,135.500,0.14042,5.242,0.003
47.78,135.600,0.14054,5.243,0.003
47.78,135.700,0.14071,5.243,0.003
47.82,135.800,0.14083,5.246,0.003
47.82,135.900,0.14100,5.247,0.003
47.85,136.000,0.14112,5.250,0.003
47.87,136.100,0.14129,5.252,0.003
47.91,136.200,0.14146,5.256,0.003
47.92,136.300,0.14158,5.257,0.003
47.94,136.400,0.14175,5.260,0.003
47.95,136.500,0.14187,5.261,0.003
47.95,136.600,0.14204,5.262,0.003
47.96,136.700,0.14220,5.263,0.003
48.00,136.800,0.14237,5.266,0.003
47.95,136.900,0.14249,5.261,0.003
47.94,137.000,0.14266,5.260,0.003
47.95,137.100,0.14283,5.261,0.003
47.98,137.200,0.14299,5.265,0.003
47.98,137.300,0.14316,5.265,0.003
48.01,137.400,0.14333,5.267,0.003
48.06,137.500,0.14353,5.274,0.003
48.12,137.600,0.14374,5.280,0.003
48.15,137.700,0.14391,5.283,0.003
48.18,137.800,0.14412,5.287,0.003
48.18,137.900,0.14432,5.287,0.003
48.19,138.000,0.14453,5.287,0.003
48.21,138.100,0.14474,5.290,0.003
48.20,138.200,0.14499,5.289,0.003
48.18,138.300,0.14520,5.286,0.003
48.17,138.400,0.14540,5.285,0.003
48.11,138.500,0.14561,5.278,0.003
48.08,138.600,0.14582,5.275,0.003
48.05,138.700,0.14603,5.272,0.003
48.01,138.800,0.14623,5.267,0.003
47.97,138.900,0.14644,5.263,0.003
47.95,139.000,0.14661,5.261,0.003
47.92,139.100,0.14677,5.257,0.003
47.89,139.200,0.14698,5.255,0.003
47.87,139.300,0.14711,5.252,0.003
47.88,139.400,0.14727,5.254,0.003
47.89,139.500,0.14744,5.255,0.003
47.89,139.600,0.14761,5.255,0.003
47.90,139.700,0.14777,5.256,0.003
47.88,139.800,0.14790,5.253,0.003
47.89,139.900,0.14802,5.255,0.003
47.89,140.000,0.14819,5.255,0.003
47.91,140.100,0.14831,5.257,0.003
47.92,140.200,0.14844,5.258,0.003
47.90,140.300,0.14860,5.256,0.003
47.93,140.400,0.14873,5.259,0.003
47.93,140.500,0.14885,5.259,0.003
47.94,140.600,0.14902,5.260,0.003
47.96,140.700,0.14914,5.262,0.003
47.94,140.800,0.14927,5.260,0.003
47.97,140.900,0.14943,5.263,0.003
47.97,141.000,0.14956,5.263,0.003
48.00,141.100,0.14973,5.266,0.003
48.03,141.200,0.14985,5.270,0.003
48.03,141.300,0.15002,5.270,0.003
48.07,141.400,0.15014,5.274,0.003
48.09,141.500,0.15031,5.276,0.003
48.11,141.600,0.15047,5.279,0.003
48.13,141.700,0.15060,5.281,0.003
48.12,141.800,0.15076,5.280,0.003
48.14,141.900,0.15093,5.282,0.003
48.12,142.000,0.15105,5.280,0.003
48.15,142.100,0.15122,5.283,0.003
48.11,142.200,0.15139,5.278,0.003
48.07,142.300,0.15155,5.274,0.003
48.05,142.400,0.15168,5.272,0.003
48.06,142.500,0.15184,5.273,0.003
48.04,142.600,0.15201,5.271,0.003
48.00,142.700,0.15218,5.267,0.003
47.97,142.800,0.15234,5.263,0.003
47.95,142.900,0.15251,5.261,0.003
47.95,143.000,0.15272,5.261,0.003
47.96,143.100,0.15288,5.262,0.003
47.94,143.200,0.15309,5.260,0.003
47.94,143.300,0.15326,5.260,0.003
47.94,143.400,0.15347,5.260,0.003
47.94,143.500,0.15367,5.260,0.003
47.93,143.600,0.15388,5.259,0.003
47.91,143.700,0.15413,5.256,0.003
47.88,143.800,0.15434,5.253,0.003
47.82,143.900,0.15455,5.247,0.003
47.75,144.000,0.15479,5.240,0.003
47.73,144.100,0.15500,5.236,0.003
47.69,144.200,0.15521,5.232,0.003
47.63,144.300,0.15542,5.226,0.003
47.58,144.400,0.15563,5.221,0.003
47.53,144.500,0.15583,5.215,0.003
47.52,144.600,0.15600,5.214,0.003
47.49,144.700,0.15621,5.211,0.003
47.47,144.800,0.15637,5.208,0.003
47.45,144.900,0.15654,5.206,0.003
47.37,145.000,0.15671,5.198,0.003
47.34,145.100,0.15687,5.194,0.003
47.30,145.200,0.15704,5.189,0.003
47.24,145.300,0.15716,5.183,0.003
47.18,145.400,0.15733,5.177,0.003
47.13,145.500,0.15745,5.171,0.003
47.08,145.600,0.15762,5.166,0.003
47.04,145.700,0.15775,5.162,0.003
47.02,145.800,0.15791,5.159,0.003
47.00,145.900,0.15804,5.156,0.003
46.98,146.000,0.15816,5.154,0.003
46.96,146.100,0.15829,5.153,0.003
46.94,146.200,0.15845,5.150,0.003
46.95,146.300,0.15858,5.151,0.003
46.93,146.400,0.15870,5.150,0.003
46.93,146.500,0.15887,5.150,0.003
46.96,146.600,0.15899,5.152,0.003
46.96,146.700,0.15916,5.152,0.003
46.96,146.800,0.15928,5.152,0.003
46.96,146.900,0.15945,5.153,0.003
46.97,147.000,0.15962,5.153,0.003
46.96,147.100,0.15974,5.152,0.003
46.98,147.200,0.15991,5.155,0.003
46.98,147.300,0.16007,5.154,0.003
46.96,147.400,0.16020,5.152,0.003
46.98,147.500,0.16036,5.155,0.003
46.98,147.600,0.16053,5.155,0.003
47.00,147.700,0.16070,5.156,0.003
47.01,147.800,0.16086,5.158,0.003
47.00,147.900,0.16103,5.157,0.003
47.00,148.000,0.16115,5.157,0.003
47.01,148.100,0.16132,5.158,0.003
47.01,148.200,0.16149,5.158,0.003
47.01,148.300,0.16165,5.158,0.003
47.00,148.400,0.16182,5.157,0.003
47.01,148.500,0.16198,5.158,0.003
47.02,148.600,0.16215,5.159,0.003
46.99,148.700,0.16232,5.156,0.003
46.99,148.800,0.16252,5.156,0.003
46.96,148.900,0.16269,5.153,0.003
46.96,149.000,0.16290,5.152,0.003
46.94,149.100,0.16311,5.150,0.003
46.96,149.200,0.16331,5.152,0.003
46.95,149.300,0.16352,5.151,0.003
46.93,149.400,0.16373,5.149,0.003
46.91,149.500,0.16398,5.147,0.003
46.88,149.600,0.16419,5.144,0.003
46.87,149.700,0.16439,5.142,0.003
46.83,149.800,0.16460,5.138,0.003
46.81,149.900,0.16481,5.136,0.003
46.79,150.000,0.16502,5.134,0.003
46.76,150.100,0.16518,5.131,0.003
46.74,150.200,0.16539,5.129,0.003
46.69,150.300,0.16556,5.123,0.003
46.69,150.400,0.16572,5.123,0.003
46.66,150.500,0.16593,5.119,0.003
46.66,150.600,0.16610,5.120,0.003
46.65,150.700,0.16626,5.118,0.003
46.64,150.800,0.16639,5.118,0.003
46.62,150.900,0.16656,5.116,0.003
46.63,151.000,0.16672,5.116,0.003
46.62,151.100,0.16685,5.115,0.003
46.65,151.200,0.16701,5.119,0.003
46.64,151.300,0.16714,5.117,0.003
46.64,151.400,0.16726,5.117,0.003
46.63,151.500,0.16743,5.117,0.003
46.66,151.600,0.16755,5.119,0.003
46.64,151.700,0.16768,5.117,0.003
46.64,151.800,0.16780,5.118,0.003
46.65,151.900,0.16797,5.119,0.003
46.64,152.000,0.16809,5.117,0.003
46.64,152.100,0.16822,5.117,0.003
46.62,152.200,0.16834,5.115,0.003
46.60,152.300,0.16851,5.113,0.003
46.59,152.400,0.16863,5.112,0.003
46.59,152.500,0.16880,5.112,0.003
46.59,152.600,0.16892,5.112,0.003
46.59,152.700,0.16909,5.112,0.003
46.58,152.800,0.16921,5.111,0.003
46.56,152.900,0.16938,5.109,0.003
46.60,153.000,0.16951,5.113,0.003
46.59,153.100,0.16967,5.112,0.003
46.61,153.200,0.16980,5.114,0.003
46.60,153.300,0.16996,5.113,0.003
46.59,153.400,0.17013,5.112,0.003
46.57,153.500,0.17030,5.110,0.003
46.57,153.600,0.17042,5.110,0.003
46.57,153.700,0.17059,5.109,0.003
46.57,153.800,0.17075,5.110,0.003
46.55,153.900,0.17088,5.107,0.003
46.56,154.000,0.17104,5.108,0.003
46.54,154.100,0.17121,5.107,0.003
46.55,154.200,0.17138,5.107,0.003
46.51,154.300,0.17154,5.103,0.003
46.49,154.400,0.17171,5.101,0.003
46.47,154.500,0.17192,5.099,0.003
46.44,154.600,0.17208,5.096,0.003
46.40,154.700,0.17229,5.091,0.003
46.40,154.800,0.17250,5.091,0.003
46.39,154.900,0.17271,5.090,0.003
46.33,155.000,0.17291,5.084,0.003
46.31,155.100,0.17316,5.081,0.003
46.31,155.200,0.17337,5.081,0.003
46.29,155.300,0.17358,5.079,0.003
46.26,155.400,0.17383,5.076,0.003
46.27,155.500,0.17404,5.077,0.003
46.27,155.600,0.17424,5.076,0.003
46.23,155.700,0.17445,5.073,0.003
46.18,155.800,0.17462,5.067,0.003
46.15,155.900,0.17482,5.064,0.003
46.14,156.000,0.17503,5.063,0.003
46.09,156.100,0.17520,5.058,0.003
46.09,156.200,0.17537,5.057,0.003
46.07,156.300,0.17553,5.054,0.003
46.09,156.400,0.17570,5.057,0.003
46.05,156.500,0.17582,5.052,0.003
46.04,156.600,0.17599,5.052,0.003
46.03,156.700,0.17615,5.050,0.003
46.02,156.800,0.17628,5.050,0.003
46.01,156.900,0.17640,5.048,0.003
46.02,157.000,0.17657,5.049,0.003
46.05,157.100,0.17669,5.052,0.003
45.99,157.200,0.17682,5.046,0.003
46.02,157.300,0.17694,5.049,0.003
46.02,157.400,0.17711,5.050,0.003
46.04,157.500,0.17724,5.052,0.003
46.05,157.600,0.17736,5.053,0.003
46.05,157.700,0.17748,5.053,0.003
46.06,157.800,0.17761,5.054,0.003
46.06,157.900,0.17778,5.054,0.003
46.07,158.000,0.17790,5.054,0.004
46.06,158.100,0.17802,5.053,0.004
46.06,158.200,0.17819,5.054,0.004
46.09,158.300,0.17832,5.057,0.004
46.08,158.400,0.17848,5.056,0.004
46.13,158.500,0.17861,5.061,0.004
46.14,158.600,0.17877,5.062,0.004
46.16,158.700,0.17894,5.065,0.004
46.16,158.800,0.17906,5.065,0.004
46.18,158.900,0.17923,5.067,0.004
46.20,159.000,0.17940,5.069,0.004
46.20,159.100,0.17956,5.069,0.004
46.20,159.200,0.17969,5.070,0.004
46.23,159.300,0.17985,5.073,0.004
46.22,159.400,0.18002,5.072,0.004
46.22,159.500,0.18019,5.071,0.004
46.22,159.600,0.18035,5.071,0.004
46.22,159.700,0.18052,5.071,0.004
46.23,159.800,0.18068,5.072,0.004
46.25,159.900,0.18085,5.075,0.004
46.27,160.000,0.18102,5.077,0.004
46.32,160.100,0.18122,5.082,0.004
46.35,160.200,0.18139,5.085,0.004
46.38,160.300,0.18160,5.089,0.004
46.38,160.400,0.18181,5.088,0.004
46.35,160.500,0.18201,5.085,0.004
46.33,160.600,0.18222,5.084,0.004
46.34,160.700,0.18243,5.085,0.004
46.34,160.800,0.18264,5.084,0.004
46.36,160.900,0.18289,5.087,0.004
46.32,161.000,0.18309,5.082,0.004
46.32,161.100,0.18334,5.083,0.004
46.30,161.200,0.18355,5.080,0.004
46.26,161.300,0.18372,5.075,0.004
46.20,161.400,0.18393,5.070,0.004
46.20,161.500,0.18413,5.069,0.004
46.17,161.600,0.18434,5.066,0.004
46.14,161.700,0.18451,5.063,0.004
46.10,161.800,0.18472,5.058,0.004
46.06,161.900,0.18488,5.054,0.004
46.01,162.000,0.18505,5.049,0.004
45.92,162.100,0.18521,5.038,0.004
45.81,162.200,0.18534,5.026,0.004
45.74,162.300,0.18550,5.019,0.004
45.71,162.400,0.18567,5.015,0.004
45.68,162.500,0.18580,5.012,0.004
45.65,162.600,0.18596,5.009,0.004
45.62,162.700,0.18609,5.006,0.004
45.57,162.800,0.18621,5.000,0.004
45.52,162.900,0.18638,4.995,0.004
45.47,163.000,0.18650,4.990,0.004
45.46,163.100,0.18663,4.988,0.004
45.46,163.200,0.18675,4.987,0.004
45.44,163.300,0.18688,4.986,0.004
45.45,163.400,0.18704,4.987,0.004
45.45,163.500,0.18717,4.987,0.004
45.47,163.600,0.18729,4.989,0.004
45.46,163.700,0.18746,4.988,0.004
45.44,163.800,0.18758,4.986,0.004
45.44,163.900,0.18775,4.986,0.004
45.44,164.000,0.18791,4.985,0.004
45.41,164.100,0.18804,4.982,0.004
45.38,164.200,0.18821,4.979,0.004
45.37,164.300,0.18833,4.978,0.004
45.33,164.400,0.18850,4.974,0.004
45.33,164.500,0.18866,4.974,0.004
45.29,164.600,0.18879,4.970,0.004
45.28,164.700,0.18895,4.968,0.004
45.28,164.800,0.18912,4.968,0.004
45.27,164.900,0.18924,4.967,0.004
45.26,165.000,0.18941,4.966,0.004
45.23,165.100,0.18958,4.962,0.004
45.22,165.200,0.18974,4.961,0.004
45.21,165.300,0.18987,4.960,0.004
45.22,165.400,0.19003,4.962,0.004
45.22,165.500,0.19020,4.962,0.004
45.23,165.600,0.19037,4.962,0.004
45.24,165.700,0.19057,4.964,0.004
45.26,165.800,0.19074,4.966,0.004
45.27,165.900,0.19091,4.967,0.004
45.29,166.000,0.19111,4.969,0.004
45.28,166.100,0.19132,4.968,0.004
45.31,166.200,0.19149,4.971,0.004
45.31,166.300,0.19174,4.971,0.004
45.31,166.400,0.19195,4.971,0.004
45.31,166.500,0.19215,4.972,0.004
45.33,166.600,0.19236,4.973,0.004
45.28,166.700,0.19257,4.968,0.004
45.28,166.800,0.19278,4.968,0.004
45.25,166.900,0.19298,4.965,0.004
45.20,167.000,0.19319,4.959,0.004
45.20,167.100,0.19340,4.959,0.004
45.16,167.200,0.19357,4.955,0.004
45.12,167.300,0.19377,4.951,0.004
45.13,167.400,0.19394,4.952,0.004
45.09,167.500,0.19411,4.948,0.004
45.12,167.600,0.19431,4.951,0.004
45.12,167.700,0.19444,4.951,0.004
45.14,167.800,0.19461,4.952,0.004
45.14,167.900,0.19477,4.953,0.004
45.16,168.000,0.19490,4.955,0.004
45.19,168.100,0.19506,4.959,0.004
45.22,168.200,0.19523,4.962,0.004
45.24,168.300,0.19535,4.964,0.004
45.27,168.400,0.19552,4.967,0.004
45.29,168.500,0.19564,4.969,0.004
45.28,168.600,0.19577,4.968,0.004
45.29,168.700,0.19589,4.970,0.004
45.35,168.800,0.19606,4.976,0.004
45.36,168.900,0.19618,4.977,0.004
45.39,169.000,0.19631,4.980,0.004
45.40,169.100,0.19643,4.981,0.004
45.42,169.200,0.19656,4.983,0.004
45.44,169.300,0.19672,4.986,0.004
45.48,169.400,0.19685,4.990,0.004
45.51,169.500,0.19697,4.993,0.004
45.56,169.600,0.19714,4.999,0.004
45.58,169.700,0.19727,5.001,0.004
45.61,169.800,0.19743,5.004,0.004
45.62,169.900,0.19760,5.005,0.004
45.64,170.000,0.19772,5.007,0.004
45.63,170.100,0.19789,5.006,0.004
45.62,170.200,0.19801,5.005,0.004
45.63,170.300,0.19818,5.006,0.004
45.64,170.400,0.19830,5.007,0.004
45.64,170.500,0.19847,5.008,0.004
45.68,170.600,0.19864,5.012,0.004
45.67,170.700,0.19880,5.011,0.004
45.68,170.800,0.19893,5.012,0.004
45.65,170.900,0.19909,5.009,0.004
45.62,171.000,0.19926,5.006,0.004
45.61,171.100,0.19943,5.005,0.004
45.57,171.200,0.19959,5.000,0.004
45.54,171.300,0.19976,4.997,0.004
45.50,171.400,0.19992,4.992,0.004
45.42,171.500,0.20009,4.984,0.004
45.35,171.600,0.20030,4.976,0.004
45.32,171.700,0.20046,4.972,0.004
45.29,171.800,0.20067,4.969,0.004
45.28,171.900,0.20088,4.969,0.004
45.30,172.000,0.20109,4.971,0.004
45.32,172.100,0.20134,4.973,0.004
45.33,172.200,0.20155,4.974,0.004
45.39,172.300,0.20175,4.980,0.004
45.42,172.400,0.20200,4.984,0.004
45.43,172.500,0.20221,4.985,0.004
45.47,172.600,0.20242,4.989,0.004
45.49,172.700,0.20267,4.992,0.004
45.53,172.800,0.20288,4.996,0.004
45.57,172.900,0.20304,5.000,0.004
45.54,173.000,0.20325,4.997,0.004
45.50,173.100,0.20342,4.992,0.004
45.50,173.200,0.20362,4.992,0.004
45.48,173.300,0.20379,4.990,0.004
45.47,173.400,0.20396,4.989,0.004
45.45,173.500,0.20408,4.987,0.004
45.46,173.600,0.20425,4.988,0.004
45.47,173.700,0.20441,4.989,0.004
45.48,173.800,0.20454,4.990,0.004
45.48,173.900,0.20466,4.990,0.004
45.51,174.000,0.20483,4.993,0.004
45.51,174.100,0.20495,4.994,0.004
45.56,174.200,0.20512,4.999,0.004
45.58,174.300,0.20524,5.001,0.004
45.61,174.400,0.20537,5.004,0.004
45.61,174.500,0.20549,5.005,0.004
45.65,174.600,0.20562,5.008,0.004
45.65,174.700,0.20578,5.009,0.004
45.68,174.800,0.20591,5.012,0.004
45.72,174.900,0.20603,5.017,0.004
45.79,175.000,0.20620,5.024,0.004
45.83,175.100,0.20632,5.029,0.004
45.89,175.200,0.20649,5.035,0.004
45.93,175.300,0.20662,5.039,0.004
45.96,175.400,0.20678,5.043,0.004
45.97,175.500,0.20691,5.044,0.004
46.02,175.600,0.20707,5.049,0.004
46.05,175.700,0.20724,5.053,0.004
46.08,175.800,0.20736,5.056,0.004
46.14,175.900,0.20753,5.062,0.004
46.20,176.000,0.20770,5.069,0.004
46.24,176.100,0.20782,5.074,0.004
46.33,176.200,0.20799,5.083,0.004
46.39,176.300,0.20815,5.090,0.004
46.44,176.400,0.20832,5.096,0.004
46.48,176.500,0.20849,5.100,0.004
46.57,176.600,0.20865,5.109,0.004
46.63,176.700,0.20882,5.116,0.004
46.69,176.800,0.20898,5.123,0.004
46.75,176.900,0.20915,5.129,0.004
46.82,177.000,0.20932,5.137,0.004
46.87,177.100,0.20952,5.142,0.004
46.95,177.200,0.20969,5.151,0.004
47.03,177.300,0.20990,5.160,0.004
47.11,177.400,0.21011,5.169,0.004
47.19,177.500,0.21031,5.178,0.004
47.31,177.600,0.21052,5.191,0.004
47.42,177.700,0.21073,5.203,0.004
47.51,177.800,0.21094,5.213,0.004
47.62,177.900,0.21119,5.225,0.004
47.74,178.000,0.21139,5.238,0.004
47.79,178.100,0.21160,5.243,0.004
47.88,178.200,0.21181,5.254,0.004
47.98,178.300,0.21202,5.264,0.004
48.07,178.400,0.21223,5.275,0.004
48.12,178.500,0.21243,5.280,0.004
48.19,178.600,0.21260,5.287,0.004
48.22,178.700,0.21281,5.290,0.004
48.28,178.800,0.21297,5.297,0.004
48.31,178.900,0.21314,5.301,0.004
48.35,179.000,0.21335,5.305,0.004
48.40,179.100,0.21347,5.310,0.004
48.41,179.200,0.21364,5.311,0.004
48.45,179.300,0.21380,5.316,0.004
48.52,179.400,0.21393,5.323,0.004
48.53,179.500,0.21410,5.325,0.004
48.55,179.600,0.21426,5.327,0.004
48.61,179.700,0.21439,5.333,0.004
48.65,179.800,0.21455,5.338,0.004
48.66,179.900,0.21468,5.340,0.004
48.68,180.000,0.21480,5.342,0.004
48.71,180.100,0.21493,5.345,0.004
48.74,180.200,0.21509,5.348,0.004
48.75,180.300,0.21522,5.349,0.004
48.81,180.400,0.21534,5.355,0.004
48.86,180.500,0.21551,5.361,0.004
48.89,180.600,0.21563,5.365,0.004
48.95,180.700,0.21580,5.371,0.004
49.04,180.800,0.21592,5.380,0.004
49.04,180.900,0.21609,5.380,0.004
49.09,181.000,0.21621,5.387,0.004
49.15,181.100,0.21638,5.393,0.004
49.23,181.200,0.21655,5.402,0.004
49.28,181.300,0.21667,5.407,0.004
49.36,181.400,0.21684,5.416,0.004
49.43,181.500,0.21700,5.423,0.004
49.48,181.600,0.21717,5.429,0.004
49.55,181.700,0.21729,5.436,0.004
49.62,181.800,0.21746,5.445,0.004
49.70,181.900,0.21763,5.454,0.004
49.81,182.000,0.21779,5.465,0.004
49.89,182.100,0.21796,5.474,0.004
49.98,182.200,0.21813,5.484,0.004
50.07,182.300,0.21825,5.493,0.004
50.13,182.400,0.21842,5.501,0.004
50.24,182.500,0.21858,5.512,0.004
50.31,182.600,0.21879,5.520,0.004
50.40,182.700,0.21896,5.530,0.004
50.46,182.800,0.21912,5.537,0.004
50.55,182.900,0.21933,5.547,0.004
50.66,183.000,0.21950,5.558,0.004
50.80,183.100,0.21971,5.574,0.004
50.91,183.200,0.21991,5.586,0.004
51.04,183.300,0.22012,5.600,0.004
51.17,183.400,0.22033,5.615,0.004
51.33,183.500,0.22054,5.632,0.004
51.44,183.600,0.22074,5.644,0.004
51.55,183.700,0.22095,5.657,0.004
51.65,183.800,0.22116,5.668,0.004
51.76,183.900,0.22137,5.679,0.004
51.83,184.000,0.22158,5.687,0.004
51.91,184.100,0.22178,5.695,0.004
51.96,184.200,0.22199,5.701,0.004
52.03,184.300,0.22216,5.709,0.004
52.08,184.400,0.22236,5.715,0.004
52.17,184.500,0.22253,5.724,0.004
52.24,184.600,0.22270,5.732,0.004
52.31,184.700,0.22286,5.740,0.004
52.35,184.800,0.22303,5.744,0.004
52.46,184.900,0.22320,5.756,0.004
52.46,185.000,0.22332,5.756,0.004
52.55,185.100,0.22349,5.765,0.004
52.61,185.200,0.22365,5.773,0.004
52.70,185.300,0.22378,5.782,0.004
52.75,185.400,0.22394,5.787,0.004
52.83,185.500,0.22407,5.796,0.004
52.91,185.600,0.22419,5.805,0.004
52.98,185.700,0.22432,5.813,0.004
53.03,185.800,0.22448,5.818,0.004
53.10,185.900,0.22461,5.826,0.004
53.15,186.000,0.22473,5.832,0.004
53.21,186.100,0.22490,5.839,0.004
53.27,186.200,0.22502,5.845,0.004
53.37,186.300,0.22519,5.855,0.004
53.42,186.400,0.22532,5.861,0.004
53.52,186.500,0.22544,5.872,0.004
53.59,186.600,0.22561,5.880,0.004
53.69,186.700,0.22573,5.891,0.004
53.76,186.800,0.22590,5.899,0.004
53.85,186.900,0.22606,5.908,0.004
53.92,187.000,0.22619,5.916,0.004
53.99,187.100,0.22635,5.924,0.004
54.08,187.200,0.22652,5.934,0.004
54.17,187.300,0.22664,5.943,0.004
54.22,187.400,0.22681,5.949,0.004
54.30,187.500,0.22698,5.958,0.004
54.39,187.600,0.22714,5.968,0.004
54.49,187.700,0.22727,5.979,0.004
54.55,187.800,0.22743,5.985,0.004
54.65,187.900,0.22760,5.997,0.004
54.76,188.000,0.22777,6.009,0.004
54.86,188.100,0.22793,6.019,0.004
54.94,188.200,0.22810,6.028,0.004
55.05,188.300,0.22827,6.041,0.004
55.11,188.400,0.22843,6.047,0.004
55.22,188.500,0.22864,6.059,0.005
55.33,188.600,0.22881,6.071,0.005
55.42,188.700,0.22901,6.081,0.005
55.54,188.800,0.22922,6.094,0.005
55.64,188.900,0.22943,6.105,0.005
55.76,189.000,0.22964,6.118,0.005
55.89,189.100,0.22989,6.132,0.005
55.98,189.200,0.23009,6.142,0.005
56.06,189.300,0.23034,6.151,0.005
56.17,189.400,0.23055,6.163,0.005
56.24,189.500,0.23076,6.171,0.005
56.32,189.600,0.23097,6.180,0.005
56.42,189.700,0.23117,6.190,0.005
56.48,189.800,0.23138,6.197,0.005
56.55,189.900,0.23159,6.204,0.005
56.61,190.000,0.23176,6.212,0.005
56.64,190.100,0.23196,6.215,0.005
56.68,190.200,0.23213,6.219,0.005
56.71,190.300,0.23230,6.222,0.005
56.74,190.400,0.23246,6.226,0.005
56.79,190.500,0.23259,6.231,0.005
56.80,190.600,0.23275,6.232,0.005
56.82,190.700,0.23288,6.234,0.005
56.81,190.800,0.23304,6.234,0.005
56.83,190.900,0.23317,6.235,0.005
56.83,191.000,0.23334,6.235,0.005
56.79,191.100,0.23346,6.231,0.005
56.79,191.200,0.23358,6.231,0.005
56.74,191.300,0.23371,6.225,0.005
56.73,191.400,0.23388,6.224,0.005
56.68,191.500,0.23400,6.219,0.005
56.66,191.600,0.23413,6.217,0.005
56.65,191.700,0.23425,6.215,0.005
56.64,191.800,0.23442,6.215,0.005
56.64,191.900,0.23454,6.215,0.005
56.65,192.000,0.23471,6.216,0.005
56.64,192.100,0.23483,6.215,0.005
56.64,192.200,0.23500,6.215,0.005
56.61,192.300,0.23512,6.211,0.005
56.62,192.400,0.23529,6.212,0.005
56.63,192.500,0.23541,6.213,0.005
56.64,192.600,0.23558,6.215,0.005
56.65,192.700,0.23575,6.215,0.005
56.64,192.800,0.23587,6.214,0.005
56.60,192.900,0.23604,6.210,0.005
56.57,193.000,0.23620,6.207,0.005
56.54,193.100,0.23633,6.203,0.005
56.53,193.200,0.23649,6.203,0.005
56.47,193.300,0.23666,6.195,0.005
56.43,193.400,0.23683,6.192,0.005
56.45,193.500,0.23699,6.193,0.005
56.45,193.600,0.23716,6.194,0.005
56.42,193.700,0.23732,6.191,0.005
56.44,193.800,0.23749,6.192,0.005
56.47,193.900,0.23766,6.196,0.005
56.48,194.000,0.23782,6.197,0.005
56.55,194.100,0.23799,6.205,0.005
56.58,194.200,0.23820,6.208,0.005
56.62,194.300,0.23841,6.212,0.005
56.66,194.400,0.23857,6.216,0.005
56.72,194.500,0.23878,6.223,0.005
56.74,194.600,0.23903,6.226,0.005
56.80,194.700,0.23924,6.232,0.005
56.80,194.800,0.23949,6.232,0.005
56.79,194.900,0.23969,6.232,0.005
56.77,195.000,0.23990,6.229,0.005
56.75,195.100,0.24011,6.227,0.005
56.75,195.200,0.24032,6.226,0.005
56.73,195.300,0.24052,6.224,0.005
56.77,195.400,0.24073,6.228,0.005
56.78,195.500,0.24094,6.230,0.005
56.80,195.600,0.24115,6.232,0.005
56.84,195.700,0.24131,6.236,0.005
56.86,195.800,0.24148,6.239,0.005
56.91,195.900,0.24165,6.245,0.005
56.96,196.000,0.24181,6.249,0.005
56.98,196.100,0.24198,6.252,0.005
57.00,196.200,0.24215,6.254,0.005
57.01,196.300,0.24231,6.256,0.005
57.06,196.400,0.24244,6.261,0.005
57.08,196.500,0.24260,6.263,0.005
57.11,196.600,0.24273,6.267,0.005
57.15,196.700,0.24285,6.270,0.005
57.20,196.800,0.24302,6.276,0.005
57.22,196.900,0.24314,6.279,0.005
57.24,197.000,0.24327,6.281,0.005
57.28,197.100,0.24343,6.285,0.005
57.32,197.200,0.24356,6.289,0.005
57.35,197.300,0.24368,6.292,0.005
57.39,197.400,0.24385,6.297,0.005
57.42,197.500,0.24397,6.300,0.005
57.47,197.600,0.24410,6.306,0.005
57.52,197.700,0.24426,6.312,0.005
57.55,197.800,0.24439,6.315,0.005
57.62,197.900,0.24456,6.322,0.005
57.66,198.000,0.24468,6.327,0.005
57.72,198.100,0.24485,6.333,0.005
57.75,198.200,0.24501,6.337,0.005
57.81,198.300,0.24514,6.343,0.005
57.83,198.400,0.24530,6.345,0.005
57.86,198.500,0.24547,6.349,0.005
57.86,198.600,0.24559,6.349,0.005
57.89,198.700,0.24576,6.352,0.005
57.89,198.800,0.24593,6.352,0.005
57.92,198.900,0.24609,6.356,0.005
57.95,199.000,0.24622,6.358,0.005
57.96,199.100,0.24638,6.359,0.005
57.98,199.200,0.24655,6.362,0.005
58.00,199.300,0.24672,6.364,0.005
58.05,199.400,0.24688,6.369,0.005
58.09,199.500,0.24705,6.374,0.005
58.13,199.600,0.24722,6.378,0.005
58.14,199.700,0.24738,6.379,0.005
58.19,199.800,0.24755,6.385,0.005
58.24,199.900,0.24776,6.390,0.005
58.32,200.000,0.24792,6.399,0.005
58.38,200.100,0.24813,6.405,0.005
58.45,200.200,0.24834,6.413,0.005
58.51,200.300,0.24854,6.420,0.005
58.57,200.400,0.24875,6.426,0.005
58.64,200.500,0.24896,6.434,0.005
58.67,200.600,0.24917,6.438,0.005
58.68,200.700,0.24938,6.439,0.005
58.68,200.800,0.24958,6.438,0.005
58.68,200.900,0.24979,6.439,0.005
58.71,201.000,0.24996,6.442,0.005
58.73,201.100,0.25017,6.444,0.005
58.73,201.200,0.25037,6.444,0.005
58.75,201.300,0.25054,6.446,0.005
58.75,201.400,0.25071,6.447,0.005
58.73,201.500,0.25087,6.444,0.005
58.75,201.600,0.25104,6.446,0.005
58.75,201.700,0.25120,6.446,0.005
58.77,201.800,0.25137,6.448,0.005
58.78,201.900,0.25154,6.450,0.005
58.79,202.000,0.25170,6.450,0.005
58.80,202.100,0.25183,6.451,0.005
58.81,202.200,0.25199,6.453,0.005
58.80,202.300,0.25212,6.452,0.005
58.82,202.400,0.25228,6.453,0.005
58.83,202.500,0.25241,6.455,0.005
58.83,202.600,0.25253,6.455,0.005
58.83,202.700,0.25270,6.455,0.005
58.85,202.800,0.25283,6.457,0.005
58.88,202.900,0.25295,6.460,0.005
58.85,203.000,0.25307,6.457,0.005
58.84,203.100,0.25320,6.456,0.005
58.84,203.200,0.25337,6.456,0.005
58.87,203.300,0.25349,6.459,0.005
58.85,203.400,0.25361,6.457,0.005
58.83,203.500,0.25378,6.455,0.005
58.84,203.600,0.25391,6.456,0.005
58.80,203.700,0.25407,6.452,0.005
58.74,203.800,0.25420,6.445,0.005
58.71,203.900,0.25436,6.442,0.005
58.69,204.000,0.25449,6.440,0.005
58.68,204.100,0.25465,6.438,0.005
58.67,204.200,0.25482,6.437,0.005
58.68,204.300,0.25494,6.438,0.005
58.69,204.400,0.25511,6.439,0.005
58.71,204.500,0.25524,6.442,0.005
58.74,204.600,0.25540,6.445,0.005
58.79,204.700,0.25557,6.450,0.005
58.82,204.800,0.25573,6.454,0.005
58.85,204.900,0.25586,6.457,0.005
58.91,205.000,0.25602,6.463,0.005
58.96,205.100,0.25619,6.469,0.005
59.02,205.200,0.25636,6.476,0.005
59.07,205.300,0.25652,6.481,0.005
59.14,205.400,0.25669,6.489,0.005
59.18,205.500,0.25686,6.493,0.005
59.24,205.600,0.25706,6.500,0.005
59.31,205.700,0.25727,6.508,0.005
59.39,205.800,0.25748,6.517,0.005
59.50,205.900,0.25769,6.528,0.005
59.58,206.000,0.25789,6.537,0.005
59.67,206.100,0.25810,6.547,0.005
59.79,206.200,0.25831,6.560,0.005
59.88,206.300,0.25852,6.570,0.005
59.98,206.400,0.25873,6.581,0.005
60.07,206.500,0.25898,6.591,0.005
60.11,206.600,0.25918,6.596,0.005
60.16,206.700,0.25939,6.600,0.005
60.21,206.800,0.25956,6.607,0.005
60.33,206.900,0.25977,6.619,0.005
60.41,207.000,0.25997,6.628,0.005
60.48,207.100,0.26014,6.636,0.005
60.56,207.200,0.26035,6.645,0.005
60.63,207.300,0.26051,6.653,0.005
60.68,207.400,0.26068,6.658,0.005
60.71,207.500,0.26085,6.662,0.005
60.78,207.600,0.26097,6.669,0.005
60.83,207.700,0.26114,6.675,0.005
60.86,207.800,0.26130,6.678,0.005
60.91,207.900,0.26143,6.683,0.005
60.95,208.000,0.26155,6.687,0.005
61.00,208.100,0.26172,6.693,0.005
61.05,208.200,0.26184,6.699,0.005
61.11,208.300,0.26197,6.705,0.005
61.17,208.400,0.26213,6.712,0.005
61.24,208.500,0.26226,6.719,0.005
61.31,208.600,0.26238,6.727,0.005
61.40,208.700,0.26255,6.737,0.005
61.48,208.800,0.26267,6.745,0.005
61.56,208.900,0.26280,6.755,0.005
61.64,209.000,0.26296,6.764,0.005
61.73,209.100,0.26309,6.773,0.005
61.80,209.200,0.26326,6.781,0.005
61.88,209.300,0.26338,6.789,0.005
61.96,209.400,0.26355,6.799,0.005
62.05,209.500,0.26367,6.808,0.005
62.13,209.600,0.26384,6.817,0.005
62.18,209.700,0.26400,6.823,0.005
62.25,209.800,0.26413,6.830,0.005
62.32,209.900,0.26429,6.838,0.005
62.42,210.000,0.26446,6.849,0.005
62.48,210.100,0.26463,6.855,0.005
62.57,210.200,0.26475,6.865,0.005
62.64,210.300,0.26492,6.873,0.005
62.70,210.400,0.26508,6.880,0.005
62.79,210.500,0.26525,6.889,0.005
62.87,210.600,0.26542,6.898,0.005
62.95,210.700,0.26558,6.907,0.005
63.03,210.800,0.26575,6.916,0.005
63.12,210.900,0.26592,6.926,0.005
63.17,211.000,0.26608,6.931,0.005
63.27,211.100,0.26629,6.942,0.005
63.33,211.200,0.26646,6.949,0.005
63.41,211.300,0.26666,6.957,0.005
63.48,211.400,0.26683,6.965,0.005
63.51,211.500,0.26704,6.968,0.005
63.55,211.600,0.26725,6.972,0.005
63.61,211.700,0.26749,6.979,0.005
63.65,211.800,0.26770,6.984,0.005
63.68,211.900,0.26791,6.987,0.005
63.74,212.000,0.26812,6.993,0.005
63.73,212.100,0.26837,6.992,0.005
63.75,212.200,0.26857,6.995,0.005
63.77,212.300,0.26878,6.997,0.005
63.76,212.400,0.26899,6.996,0.005
63.76,212.500,0.26920,6.996,0.005
63.50,212.600,0.26936,6.967,0.005
63.42,212.700,0.26957,6.958,0.005
63.42,212.800,0.26974,6.958,0.005
63.44,212.900,0.26990,6.960,0.005
63.46,213.000,0.27011,6.963,0.005
63.53,213.100,0.27028,6.970,0.005
63.54,213.200,0.27040,6.971,0.005
63.56,213.300,0.27057,6.974,0.005
63.60,213.400,0.27074,6.979,0.005
63.65,213.500,0.27086,6.984,0.005
63.69,213.600,0.27103,6.988,0.005
63.73,213.700,0.27115,6.993,0.005
63.78,213.800,0.27132,6.998,0.005
63.84,213.900,0.27144,7.005,0.005
63.89,214.000,0.27161,7.010,0.005
63.93,214.100,0.27173,7.015,0.005
64.00,214.200,0.27186,7.022,0.005
64.07,214.300,0.27202,7.030,0.005
64.13,214.400,0.27215,7.036,0.005
64.21,214.500,0.27227,7.045,0.005
64.28,214.600,0.27244,7.053,0.005
64.36,214.700,0.27256,7.062,0.005
64.40,214.800,0.27273,7.066,0.005
64.49,214.900,0.27290,7.075,0.005
64.53,215.000,0.27302,7.081,0.005
64.63,215.100,0.27319,7.092,0.005
64.72,215.200,0.27335,7.101,0.005
64.80,215.300,0.27348,7.110,0.005
64.88,215.400,0.27364,7.118,0.005
64.97,215.500,0.27381,7.128,0.005
65.05,215.600,0.27394,7.138,0.005
65.14,215.700,0.27410,7.147,0.005
65.20,215.800,0.27427,7.154,0.005
65.27,215.900,0.27443,7.162,0.005
65.36,216.000,0.27456,7.171,0.005
65.45,216.100,0.27473,7.182,0.005
65.53,216.200,0.27489,7.190,0.005
65.64,216.300,0.27506,7.202,0.005
65.74,216.400,0.27522,7.213,0.005
65.88,216.500,0.27539,7.228,0.005
65.98,216.600,0.27560,7.239,0.005
66.10,216.700,0.27576,7.253,0.005
66.23,216.800,0.27593,7.267,0.005
66.37,216.900,0.27614,7.282,0.005
66.49,217.000,0.27635,7.296,0.005
66.65,217.100,0.27651,7.312,0.005
66.77,217.200,0.27672,7.327,0.005
66.91,217.300,0.27693,7.342,0.005
67.05,217.400,0.27718,7.357,0.005
67.18,217.500,0.27738,7.371,0.005
67.32,217.600,0.27759,7.386,0.005
67.48,217.700,0.27780,7.403,0.005
67.59,217.800,0.27801,7.416,0.005
67.71,217.900,0.27822,7.430,0.005
67.82,218.000,0.27842,7.441,0.005
67.92,218.100,0.27863,7.452,0.005
68.01,218.200,0.27880,7.462,0.005
68.15,218.300,0.27901,7.477,0.005
68.23,218.400,0.27917,7.487,0.005
68.34,218.500,0.27934,7.498,0.005
68.41,218.600,0.27950,7.506,0.006
68.51,218.700,0.27967,7.517,0.006
68.58,218.800,0.27984,7.525,0.006
68.66,218.900,0.28000,7.533,0.006
68.75,219.000,0.28013,7.543,0.006
68.83,219.100,0.28029,7.552,0.006
68.89,219.200,0.28042,7.558,0.006
68.97,219.300,0.28058,7.567,0.006
69.01,219.400,0.28071,7.572,0.006
69.05,219.500,0.28088,7.576,0.006
69.07,219.600,0.28100,7.579,0.006
69.06,219.700,0.28112,7.578,0.006
69.07,219.800,0.28125,7.578,0.006
69.09,219.900,0.28137,7.581,0.006
69.09,220.000,0.28154,7.581,0.006
69.12,220.100,0.28166,7.583,0.006
69.13,220.200,0.28179,7.586,0.006
69.20,220.300,0.28196,7.592,0.006
69.23,220.400,0.28208,7.596,0.006
69.27,220.500,0.28225,7.600,0.006
69.31,220.600,0.28237,7.605,0.006
69.37,220.700,0.28254,7.611,0.006
69.43,220.800,0.28266,7.618,0.006
69.49,220.900,0.28283,7.625,0.006
69.52,221.000,0.28295,7.628,0.006
69.59,221.100,0.28312,7.636,0.006
69.67,221.200,0.28324,7.644,0.006
69.73,221.300,0.28341,7.651,0.006
69.80,221.400,0.28358,7.658,0.006
69.85,221.500,0.28370,7.664,0.006
69.93,221.600,0.28387,7.673,0.006
70.01,221.700,0.28403,7.681,0.006
70.10,221.800,0.28420,7.692,0.006
70.18,221.900,0.28432,7.700,0.006
70.29,222.000,0.28449,7.713,0.006
70.39,222.100,0.28466,7.724,0.006
70.49,222.200,0.28482,7.734,0.006
70.58,222.300,0.28499,7.745,0.006
70.69,222.400,0.28516,7.757,0.006
70.84,222.500,0.28536,7.772,0.006
70.98,222.600,0.28553,7.788,0.006
71.11,222.700,0.28574,7.803,0.006
71.26,222.800,0.28595,7.819,0.006
71.35,222.900,0.28615,7.829,0.006
71.51,223.000,0.28636,7.846,0.006
71.64,223.100,0.28661,7.860,0.006
71.77,223.200,0.28682,7.875,0.006
71.91,223.300,0.28703,7.890,0.006
72.04,223.400,0.28723,7.904,0.006
72.19,223.500,0.28744,7.921,0.006
72.34,223.600,0.28769,7.937,0.006
72.47,223.700,0.28790,7.952,0.006
72.56,223.800,0.28806,7.962,0.006
72.70,223.900,0.28827,7.977,0.006
72.81,224.000,0.28844,7.989,0.006
72.89,224.100,0.28865,7.997,0.006
73.00,224.200,0.28881,8.010,0.006
73.10,224.300,0.28898,8.021,0.006
73.20,224.400,0.28914,8.031,0.006
73.28,224.500,0.28927,8.041,0.006
73.38,224.600,0.28944,8.052,0.006
73.47,224.700,0.28956,8.061,0.006
73.55,224.800,0.28973,8.070,0.006
73.64,224.900,0.28985,8.080,0.006
73.72,225.000,0.28998,8.089,0.006
73.81,225.100,0.29014,8.098,0.006
73.87,225.200,0.29027,8.105,0.006
73.95,225.300,0.29039,8.114,0.006
74.03,225.400,0.29052,8.123,0.006
74.10,225.500,0.29068,8.131,0.006
74.17,225.600,0.29081,8.138,0.006
74.25,225.700,0.29093,8.147,0.006
74.34,225.800,0.29106,8.157,0.006
74.42,225.900,0.29122,8.165,0.006
74.50,226.000,0.29135,8.174,0.006
74.58,226.100,0.29151,8.183,0.006
74.67,226.200,0.29164,8.193,0.006
74.77,226.300,0.29180,8.204,0.006
74.87,226.400,0.29193,8.215,0.006
74.99,226.500,0.29210,8.228,0.006
75.08,226.600,0.29222,8.238,0.006
75.20,226.700,0.29239,8.252,0.006
75.28,226.800,0.29255,8.260,0.006
75.40,226.900,0.29268,8.273,0.006
75.48,227.000,0.29284,8.282,0.006
75.60,227.100,0.29301,8.295,0.006
75.68,227.200,0.29313,8.304,0.006
75.80,227.300,0.29330,8.316,0.006
75.91,227.400,0.29347,8.329,0.006
76.00,227.500,0.29363,8.339,0.006
76.09,227.600,0.29380,8.349,0.006
76.20,227.700,0.29397,8.361,0.006
76.32,227.800,0.29413,8.374,0.006
68.71,227.900,0.29430,7.539,0.006
0.99,227.950,0.29438,0.109,0.006


